# callgrind format
version: 1
creator: callgrind-3.13.0
pid: 18324
cmd:  ./pa1 -l examples/10K.b output/10kl.b
part: 1


desc: I1 cache: 
desc: D1 cache: 
desc: LL cache: 

desc: Timerange: Basic block 0 - 139179662
desc: Trigger: Program termination

positions: line
events: Ir
summary: 1309484862


ob=(2) ???
fl=(18) ???
fn=(292) 0x0000000004a2a520
0 6

fn=(570) 0x0000000004a2a560
0 1
cob=(3) /lib/x86_64-linux-gnu/libc-2.27.so
cfi=(126) /build/glibc-OTsEL5/glibc-2.27/stdlib/cxa_finalize.c
cfn=(550) __cxa_finalize
calls=1 30 
0 74

fn=(580) 0x0000000004a2a7a8
0 3

fn=(336) 0x0000000000108778
0 6

fn=(548) 0x0000000000108860
0 1
cob=(3)
cfi=(126)
cfn=(550)
calls=1 30 
0 74

fn=(88) 0x0000000004000f00
0 2
cob=(1) /lib/x86_64-linux-gnu/ld-2.27.so
cfi=(19) /build/glibc-OTsEL5/glibc-2.27/elf/dl-minimal.c
cfn=(90) free
calls=2 111 
0 8

fn=(364) 0x0000000004c4d2c0
0 4
cob=(3)
cfi=(98) /build/glibc-OTsEL5/glibc-2.27/malloc/malloc.c
cfn=(366) malloc
calls=4 3028 
0 678130

fn=(562) 0x00000000001096e4
0 3

fn=(484) 0x0000000004c4d2c8
0 4
cob=(3)
cfi=(98)
cfn=(468) free
calls=4 3086 
0 558

ob=(1)
fl=(21) /build/glibc-OTsEL5/glibc-2.27/string/../sysdeps/x86_64/strcmp.S
fn=(56) strcmp
144 254
+1 254
+2 254
+1 254
+21 254
+1 254
+1 159
+1 159
+1 146
+1 146
+1 146
+1 146
+21 146
+1 146
+1 146
+1 146
+1 146
+1 146
+1 146
+5 5
+1 5
+9 5
+1 5
+1 5
+1 5
+1 5
+1 5
+1 5
+1 5
-7 108
+1 108
+1 108
+1 108
+1 108
+1 108
+1 108
+1 108
+1 49
+1 35
+1 35
+1 35
+2 35
+1 35
+1 35
+1 35
+1 35
+1 35
-5 14
+1 14
+1 14
+1 14
+1 14
+1 14
+10 64
+1 64
+1 64
+2 64
+6 64
+1 64
+1 64
+1 64
+1 64
+5 64
+2 64
+1 64
+1 128
+8 64
+1 64
+3 64
+1 64
+1 64
+1 64
+1 64
+1 64
696 1
+1 1
+1 1
+1 1
+1 1
+2 1
+1 1
+1 1
+1 1
+1 1
+1 1
+1 1
+1 1
+4 1
+1 1
+1 1
+6 1
+1 1
+1 2
+4 1
+1 1
+3 1
+1 1
+1 1
+3 1
+1 1
+1 1
+6 1
+1 1
+1 1
+1 1
+1 1
+1 1
946 2
+1 2
+1 2
+1 2
+1 2
+2 2
+1 2
+1 2
+1 2
+1 2
+1 2
+1 2
+1 1
+4 1
+1 1
+1 1
+6 1
+1 1
+1 2
+4 1
+1 1
+3 1
+1 1
+1 1
+3 1
+1 1
+1 1
+6 1
+1 1
+1 1
+1 1
+1 1
+1 1
+72 4
+1 4
+1 4
+1 4
+1 4
+2 4
+1 4
+1 4
+1 4
+1 4
+1 4
+1 4
+1 1
+4 1
+1 1
+1 1
+6 1
+1 1
+1 2
+4 1
+1 1
+3 1
+1 1
+1 1
+3 1
+1 1
+1 1
+6 1
+1 1
+1 1
+1 1
+1 1
+1 1
+72 3
+1 3
+1 3
+1 3
+1 3
+2 3
+1 3
+1 3
+1 3
+1 3
+1 3
+1 3
+1 1
+4 1
+1 1
+1 1
+6 1
+1 1
+1 2
+4 1
+1 1
+3 1
+1 1
+1 1
+3 1
+1 1
+1 1
+6 1
+1 1
+1 1
+1 1
+1 1
+1 1
+72 2
+1 2
+1 2
+1 2
+1 2
+2 2
+1 2
+1 2
+1 2
+1 2
+1 2
+1 2
+1 1
+4 1
+1 1
+1 1
+6 1
+1 1
+1 2
+4 1
+1 1
+3 1
+1 1
+1 1
+3 1
+1 1
+1 1
+6 1
+1 1
+1 1
+1 1
+1 1
+1 1
+72 16
+1 16
+1 16
+1 16
+1 16
+2 16
+1 16
+1 16
+1 16
+1 16
+1 16
+1 16
+1 16
+4 16
+1 16
+1 16
+6 16
+1 16
+1 32
+4 16
+1 16
+3 16
+1 16
+1 16
+3 16
+1 16
+1 16
+6 16
+1 16
+1 16
+1 16
+1 16
+1 16
+72 2
+1 2
+1 2
+1 2
+1 2
+2 2
+1 2
+1 2
+1 2
+1 2
+1 2
+1 2
1696 1
+1 1
+1 1
+1 1
+1 1
+2 1
+1 1
+1 1
+1 1
+1 1
+1 1
+1 1
+1 1
+4 1
+1 1
+1 1
+6 1
+1 1
+1 2
+4 1
+1 1
+3 1
+1 1
+1 1
+3 1
+1 1
+1 1
+6 1
+1 1
+1 1
+1 1
+1 1
+1 1
+7 1
+1 1
+2 1
+1 1
+2 1
+1 1
+1 1
+3 1
+1 1
+1 1
+6 1
+1 1
+1 1
+1 1
+1 1
+1 1
+41 6
+1 6
+1 6
+1 6
+1 6
+2 6
+1 6
+1 6
+1 6
+1 6
+1 6
+1 6
+1 6
+4 6
+1 6
+1 6
+6 6
+1 6
+1 12
+4 6
+1 6
+3 6
+1 6
+1 6
+3 6
+1 6
+1 6
+6 6
+1 6
+1 6
+1 6
+1 6
+1 6
+72 7
+1 7
+1 7
+1 7
+1 7
+2 7
+1 7
+1 7
+1 7
+1 7
+1 7
+1 7
+1 1
+4 1
+1 1
+1 1
+6 1
+1 1
+1 2
+4 1
+1 1
+3 1
+1 1
+1 1
+3 1
+1 1
+1 1
+6 1
+1 1
+1 1
+1 1
+1 1
+1 1
+72 5
+1 5
+1 5
+1 5
+1 5
+2 5
+1 5
+1 5
+1 5
+1 5
+1 5
+1 5
+2 1
+4 1
+1 1
+1 1
+6 1
+1 1
+2 2
+4 1
+1 1
+3 1
+1 1
+1 1
+3 1
+1 1
+1 1
+6 1
+1 1
+1 1
+1 1
+1 1
+1 1
+74 94
+2 94
+1 94
+1 94
+1 94
-3 19
+1 19
+1 19
+1 19
+1 105
+5 35
+6 35
+1 35
+8 35
+1 35
-16 219
+6 219
+1 219
+8 219
+1 219

fl=(7) /build/glibc-OTsEL5/glibc-2.27/elf/../elf/dl-sysdep.c
fn=(12) _dl_sysdep_start
88 8
+25 1
-1 1
+1 241
+6 1
-3 1
+1 1
-4 1
+3 1
+3 4
+1 2
-1 12
-29 1
-1 10
+30 2
+1 108
+3 1
-4 74
+62 1
-62 1
+63 1
-1 1
-62 3
+34 1
-34 2
+35 1
-35 2
+46 1
-46 1
+47 1
-1 1
-46 3
+40 1
-40 1
+41 1
-1 1
-40 3
+37 1
-37 2
+38 1
-38 3
+13 1
-13 2
+14 1
-14 2
+10 1
-10 2
+11 1
-11 2
+7 1
-7 4
224 1
cfi=(9) /build/glibc-OTsEL5/glibc-2.27/elf/dl-tunables.c
cfn=(16) __GI___tunables_init
calls=1 +65 
* 30742
fi=(11) /build/glibc-OTsEL5/glibc-2.27/elf/../sysdeps/unix/sysv/linux/dl-sysdep.c
35 2
cfi=(12) /build/glibc-OTsEL5/glibc-2.27/elf/../sysdeps/unix/sysv/linux/x86_64/brk.c
cfn=(22) brk
calls=1 -4 
* 11
fi=(8) /build/glibc-OTsEL5/glibc-2.27/elf/../sysdeps/x86/cpu-features.c
196 1
-12 1
+1 1
+11 1
+3 1
-3 1
+3 5
366 3
+1 1
+3 2
+1 1
+6 1
+5 2
-3 1
+3 1
-4 1
+4 1
cfi=(9)
cfn=(26) __tunable_get_val
calls=1 -9 
* 16
+2 4
cfi=(9)
cfn=(26)
calls=1 -11 
* 18
* 1
+2 3
-2 1
+2 1
cfi=(9)
cfn=(26)
calls=1 -13 
* 18
* 1
+2 3
-2 1
+2 1
cfi=(9)
cfn=(26)
calls=1 -15 
* 18
+12 1
-12 1
+11 1
-11 1
+12 1
fe=(7)
236 1
cfi=(13) /build/glibc-OTsEL5/glibc-2.27/string/../sysdeps/x86_64/multiarch/../strlen.S
cfn=(28) strlen
calls=1 79 
* 16
* 1
+2 2
cfi=(14) /build/glibc-OTsEL5/glibc-2.27/elf/../misc/sbrk.c
cfn=(30) sbrk
calls=1 32 
* 17
* 3
+12 3
+3 5
cfi=(2) /build/glibc-OTsEL5/glibc-2.27/elf/rtld.c
cfn=(32) dl_main
calls=1 870 
* 105671
+1 1
+1 8
fi=(8)
404 3
+28 2
-9 3
+2 4
+3 4
+1 2
205 6
cfn=(24) get_common_indeces.constprop.1
calls=1 34 
* 87
+3 3
+97 4
+7 4
203 1
312 4
210 5
+1 7
+85 3
-79 2
fe=(7)

fn=(282) _dl_sysdep_start_cleanup
260 1

fl=(11)
fn=(62) _dl_discover_osversion
45 4
+2 3
+85 5
-45 3
cfi=(23) /build/glibc-OTsEL5/glibc-2.27/posix/../sysdeps/unix/syscall-template.S
cfn=(64) uname
calls=1 -9 
* 5
* 1
+15 1
-15 1
+20 1
-1 1
+3 12
+4 3
-2 6
+2 9
+7 3
-1 3
+4 3
-2 3
+2 10
+5 2

fl=(20) /build/glibc-OTsEL5/glibc-2.27/string/../sysdeps/x86_64/multiarch/memmove-vec-unaligned-erms.S
fn=(74) mempcpy
116 44
+1 44
+1 44
+13 44
+1 44
+1 7
+1 7
+5 6
+1 6
+1 6
+1 6
+5 6
267 37
+1 37
+1 11
+1 11
+1 4
+1 4
+1 2
+4 2
+22 26
+1 26
+1 26
+1 26
+1 26
+3 7
+1 7
+1 7
+1 7
+1 7
+3 2
+1 2
+1 2
+1 2
+1 2
+10 1
+1 1
+1 1
+1 1
+22 1
+1 1
+1 1
+1 1
+1 1
+1 1
+1 1
+1 1
+2 1

fn=(48) memcpy
129 15
+2 15
+1 15
+1 10
+1 10
+5 6
+1 6
+1 6
+1 6
+5 6
267 5
+1 5
+1 1
+1 1
+1 1
+1 1
+1 1
+1 1
+1 1
+2 1
+22 4
+1 4
+1 4
+1 4
+1 4
+24 4
+1 4
+1 4
+1 4
+22 4
+1 4
+1 4
+1 4
+1 4
+1 4
+1 4
+1 4
+2 4

fl=(28) /build/glibc-OTsEL5/glibc-2.27/string/../sysdeps/x86_64/multiarch/memset-vec-unaligned-erms.S
fn=(76) memset
109 65
+2 13
+1 13
+1 6
+1 6
+2 4
+1 4
+2 4
+55 2
+1 2
+10 2
+1 2
+1 2
+1 2
+1 2
+1 2
+1 2
+1 2
+1 2
+1 2
+1 2
+1 2
+1 2
+1 2
+2 31
+1 31
+1 31
+1 31
+1 31
+1 31
+1 31
+1 2
+15 7
+1 7
+1 7
+1 6
+1 6
+1 2
+1 2
+24 1
+1 1
+2 1
+3 4
+1 4
+2 4
+3 2
+1 2
+2 2

fl=(19)
fn=(42) calloc
92 8
+8 8
-1 16
-3 8
+4 16
+3 8
cfn=(46) malloc
calls=8 -53 
* 210
* 8

fn=(80) strsep
265 6
+2 3
+1 6
+4 80
+7 204
-2 138
+6 2
+7 1
+4 1
-4 1
+4 2
-7 34
-15 104

fn=(46)
50 95
+11 46
+3 23
-3 23
+3 46
-3 2
+3 1
-3 1
+3 94
-15 3
+20 4
+1 2
+2 1
+1 8
cfi=(42) /build/glibc-OTsEL5/glibc-2.27/misc/../sysdeps/unix/sysv/linux/mmap64.c
cfn=(132) mmap
calls=1 -29 
* 35
+2 2
+2 3
+2 1
+3 1
-3 2
+4 1
+2 5
-2 23
-1 23
+3 46
-29 1
-1 1
+1 1
+1 2
-2 2

fn=(90)
111 8

fl=(46) /build/glibc-OTsEL5/glibc-2.27/io/../sysdeps/unix/sysv/linux/close.c
fn=(142) close
27 12
+1 3

fl=(103) /build/glibc-OTsEL5/glibc-2.27/elf/../elf/dl-runtime.c
fn=(382) _dl_fixup
66 4
+6 4
-6 2
+3 4
+3 6
-4 2
+5 2
+2 2
-2 10
+2 2
-2 2
+2 2
+5 4
+4 4
+4 2
+7 2
-7 4
+4 4
+1 8
+2 8
+7 4
-1 2
+1 2
+10 18
cfi=(6) /build/glibc-OTsEL5/glibc-2.27/elf/dl-lookup.c
cfn=(188) _dl_lookup_symbol_x
calls=2 790 
* 1847
* 2
+4 10
+10 14
+16 2
-8 2
+8 6
+4 6
fi=(5) /build/glibc-OTsEL5/glibc-2.27/elf/../sysdeps/x86_64/dl-machine.h
+96 2
fe=(103)
-92 6

fl=(47) /build/glibc-OTsEL5/glibc-2.27/io/../sysdeps/unix/sysv/linux/access.c
fn=(144) access
27 7
+4 1

fl=(42)
fn=(132)
44 14
+3 7
-6 84
+6 7
+5 70
+2 49
-7 12

fl=(50) /build/glibc-OTsEL5/glibc-2.27/elf/dl-cache.c
fn=(160) _dl_cache_libcmp
141 26
+1 28
+2 256
+20 126
+2 228
+4 51
+1 51
-29 102
+32 3
-28 2
+6 1
+2 1
-1 1
-1 2
+1 1
-1 1
+2 3
+2 3
-3 1
+3 1
+2 2
+9 36

fn=(154) _dl_load_cache_lookup
187 9
+8 2
+3 3
+45 1
+6 2
+11 1
-2 1
fi=(51) /build/glibc-OTsEL5/glibc-2.27/elf/../sysdeps/x86/dl-procinfo.h
39 1
fe=(50)
258 2
fi=(51)
39 3
+3 3
cfi=(21)
cfn=(56)
calls=1 144 
* 24
* 2
fe=(50)
264 4
cfi=(9)
cfn=(26)
calls=1 373 
* 18
* 1
fi=(26) /build/glibc-OTsEL5/glibc-2.27/elf/../sysdeps/unix/sysv/linux/not-errno.h
28 2
fe=(50)
264 1
fi=(26)
28 2
fe=(50)
266 2
fi=(26)
32 3
fe=(50)
270 2
+15 1
-15 1
+15 184
cfn=(160)
calls=12 141 
* 855
* 76
cfn=(160)
calls=1 141 
* 71
* 7
-84 4
cfi=(36) /build/glibc-OTsEL5/glibc-2.27/elf/dl-misc.c
cfn=(156) _dl_sysdep_read_whole_file
calls=1 44 
* 107
+8 1
-8 1
+8 4
+1 7
+7 1
-3 1
+3 3
+3 1
+1 2
-1 1
+1 1
+1 8
+63 3
+16 2
+4 2
+8 3
cfi=(13)
cfn=(28)
calls=1 79 
* 34
* 2
+1 1
-1 4
+1 2
cfi=(20)
cfn=(48)
calls=1 129 
* 10
+1 2
cfi=(30) /build/glibc-OTsEL5/glibc-2.27/string/strdup.c
cfn=(86) strdup
calls=1 40 
* 80
+1 8
-19 2
-27 4
+1 3
-1 7
+15 16
fi=(51)
42 3
fe=(50)
297 3

fn=(284) _dl_unload_cache
326 4
-1 1
+3 2
cfi=(44) /build/glibc-OTsEL5/glibc-2.27/misc/../sysdeps/unix/syscall-template.S
cfn=(286) munmap
calls=1 78 
* 5
+1 1
+2 2

fl=(102) /build/glibc-OTsEL5/glibc-2.27/elf/../sysdeps/x86_64/dl-trampoline.h
fn=(380) _dl_runtime_resolve_xsave
71 2
+3 2
+2 2
+10 2
+6 2
+1 2
+1 2
+1 2
+1 2
+1 2
+1 2
+4 2
+1 2
+3 2
+1 2
+2 2
+1 2
+1 2
+1 2
+1 2
+1 2
+2 2
+7 2
+1 2
+1 2
cfi=(103)
cfn=(382)
calls=2 -59 
* 2001
+1 2
+5 2
+1 2
+1 2
+2 2
+1 2
+1 2
+1 2
+1 2
+1 2
+1 2
+2 2
+2 2
+4 2
+3 2

fl=(1) ???
fn=(0) 0x0000000000001090
0 2
cfi=(2)
cfn=(2) _dl_start
calls=1 444 
0 138297
0 14
cfi=(78) /build/glibc-OTsEL5/glibc-2.27/elf/dl-init.c
cfn=(290) _dl_init
calls=1 79 
0 2173
0 3
cob=(5) /home/ved/Desktop/PA1/pa1
cfi=(88) ???
cfn=(326) _start
calls=1 0 
0 1309344373

fl=(12)
fn=(22)
31 7
+8 1
-6 2
+7 1

fl=(29) /build/glibc-OTsEL5/glibc-2.27/string/../sysdeps/x86_64/multiarch/../strchr.S
fn=(84) index
24 7
+1 7
+1 7
+1 7
+1 7
+1 7
+1 7
+1 7
+1 7
+1 7
+1 7
+1 7
+1 7
+1 7
+1 7
+1 7
+1 7
+1 4
+4 4
+1 4
+1 4
+1 4
+2 4
+4 3
+1 3
+1 3
+1 3
+1 3
+1 3
+1 3
+1 3
+1 3
+1 3
+1 3
+1 3
+1 3
+1 3
+1 3
+1 3
+1 3
+1 3
+1 3
+1 3
+1 3
+1 3
+1 3
+1 3
+52 3
+4 3
+1 3
+1 3
+1 3
+2 3

fl=(44)
fn=(286)
78 4
+1 1

fn=(136) mprotect
78 24
+1 6

fl=(32) /build/glibc-OTsEL5/glibc-2.27/elf/../elf/dl-tls.c
fn=(278) _dl_add_to_slotinfo
887 4
+9 1
-3 2
+8 7
+41 1
+1 1
+1 4

fn=(178) _dl_allocate_tls_storage
332 1
+2 1
-2 2
+13 1
+1 2
cfi=(19)
cfn=(46)
calls=1 50 
* 18
* 1
+1 3
+8 2
-69 1
+69 2
+1 1
+4 297
+19 1
-94 2
+1 2
cfi=(19)
cfn=(42)
calls=1 92 
* 27
* 1
+1 2
+3 1
+6 2
+89 5

fn=(280) _dl_allocate_tls_init
437 8
+1 1
-1 1
+1 1
+4 1
+6 2
-6 1
+6 1
+12 1
-15 1
+39 1
-24 1
-16 2
+21 9
+6 15
+3 1
+1 2
+6 3
+3 1
-2 1
+6 1
-6 1
+2 1
+4 1
-4 2
+3 1
-3 1
+1 1
+2 1
+4 2
+1 4
+2 2
+1 2
+12 1
-3 1
+3 2
cfi=(20)
cfn=(74)
calls=1 116 
* 12
* 5
cfi=(28)
cfn=(76)
calls=1 109 
* 33
* 7
-42 2
+52 1
+4 3
+3 8

fn=(94) _dl_count_modids
113 2
+1 2

fn=(162) _dl_next_tls_modid
51 4
+48 1
+4 1

fn=(176) _dl_determine_tlsoffset
141 1
-6 5
+6 2
+3 2
+36 3
+2 4
-2 1
-2 1
-40 1
-1 1
-1 2
+69 2
+3 2
-3 5
+2 2
+10 1
-37 2
+25 1
-25 2
+5 1
-1 1
+5 2
-4 1
-1 2
+3 2
+2 3
-9 5
+93 1
-53 1
+1 1
+52 1
-1 1
+1 4

fl=(16) /build/glibc-OTsEL5/glibc-2.27/string/../sysdeps/x86_64/memcmp.S
fn=(36) bcmp
24 2
+1 2
+1 2
+1 2
+1 2
+1 2
+1 2
+1 2
+3 2
+1 2
+1 1
+1 1
+1 1
+1 1
+1 1
+1 1
+1 1
+2 2
+1 2
+1 1
+1 1
+1 1
+1 1
+1 1
+1 1
+1 1
+2 2
+1 2
+1 2
+1 2
+1 2
+1 2
+1 1
+1 1
+1 1
+2 1
+1 1
+1 1
+1 1
+1 1
+1 1
+29 2
+1 2
+15 2
+1 2

fl=(48) /build/glibc-OTsEL5/glibc-2.27/elf/dl-deps.c
fn=(148) openaux
60 4
+7 2
-4 6
+1 2
-1 2
+1 2
-1 10
cfi=(24) /build/glibc-OTsEL5/glibc-2.27/elf/dl-load.c
cfn=(114) _dl_map_object
calls=2 2080 
* 7119
* 2
+5 4

fn=(146) _dl_map_object_deps
159 1
-1 1
+1 1
-1 5
+1 1
-1 2
+1 1
-1 2
+1 1
-1 1
+1 1
-8 1
+8 2
-8 1
-6 1
+14 1
-8 1
+24 1
-32 1
+1 1
+1 1
+6 1
+24 2
-28 2
-2 1
+31 1
-33 3
+2 2
-1 1
+1 2
+6 3
+24 1
-24 1
+24 7
+4 1
+19 1
+2 2
-14 1
-1 1
+13 5
+11 1
+4 4
-4 3
+4 12
+12 12
+2 2
+8 2
-8 2
+6 2
-6 2
+6 2
+1 2
+4 2
-3 2
-3 2
+2 2
+4 8
+66 2
-98 2
+98 2
-66 4
+7 10
cfi=(29)
cfn=(84)
calls=2 24 
* 70
* 4
+4 6
-2 2
+2 2
cfi=(34) /build/glibc-OTsEL5/glibc-2.27/elf/dl-error-skeleton.c
cfn=(108) _dl_catch_exception
calls=2 -74 
* 7255
* 2
+1 4
+9 2
+2 4
+5 2
+6 2
+2 2
-8 4
+3 2
+1 2
+1 2
+1 2
+4 10
+4 4
+1 3
-43 204
+1 102
+44 147
434 4
+2 6
+3 4
-1 2
cfi=(19)
cfn=(46)
calls=2 50 
* 36
* 2
+2 2
-2 2
+2 2
+3 2
+1 8
-1 2
+1 2
cfi=(20)
cfn=(48)
calls=2 129 
* 20
+1 10
cfi=(20)
cfn=(48)
calls=2 129 
* 20
+4 2
-1 2
+5 28
+7 6
+4 4
+11 3
-1 1
cfi=(19)
cfn=(46)
calls=1 50 
* 18
* 1
+3 1
-3 1
+3 4
+5 1
+1 1
-1 1
+3 2
-3 4
+9 2
+4 3
-10 3
-3 3
+9 6
+4 9
-10 9
+13 2
+51 2
+2 1
-1 1
+1 2
+35 7
cfi=(20)
cfn=(48)
calls=1 129 
* 10
+4 5
cfi=(52) /build/glibc-OTsEL5/glibc-2.27/elf/dl-sort-maps.c
cfn=(164) _dl_sort_maps
calls=1 28 
* 232
+3 1
+3 1
-1 1
+2 4
+7 3
+3 2
+3 8
225 8
-19 2
434 5
+27 2
214 25
+2 2
+2 8
+2 26
456 9
-1 4
+1 10
199 3
573 6

fl=(15) /build/glibc-OTsEL5/glibc-2.27/elf/dl-environ.c
fn=(34) _dl_next_ld_env_entry
29 3
+3 10
+13 75
-13 225
+2 154
+1 18
+5 2
-3 2
+3 2
+2 2
+7 1

fl=(9)
fn=(16)
289 8
-9 3
150 4
-82 236
+6 77
-3 77
+3 7175
+4 154
+5 77
297 77
83 77
297 77
fi=(10) /build/glibc-OTsEL5/glibc-2.27/elf/dl-tunables.h
121 154
-1 60
+1 24
-1 8
+1 32
-1 40
fe=(9)
330 308
-12 8470
fi=(10)
120 2772
+1 3223
-1 594
fe=(9)
312 6853
68 154
364 8

fn=(26)
373 102
+4 17
-4 66
+9 3
+1 3
-6 14
+22 85
+2 17

fl=(41) /build/glibc-OTsEL5/glibc-2.27/io/../sysdeps/unix/sysv/linux/wordsize-64/fxstat.c
fn=(130) _fxstat
34 3
-1 3
+1 3
+1 18
+4 3

fl=(24)
fn=(114)
2080 21
+8 3
-8 6
+8 3
+1 12
+3 42
+5 49
+2 21
cfi=(36)
cfn=(116) _dl_name_match_p
calls=7 282 
* 789
* 14
+4 12
+1 18
+3 2
+1 2
+1 2
-1 2
+1 2
cfi=(21)
cfn=(56)
calls=2 144 
* 48
* 4
2391 27
2125 6
+10 6
-53 2
+89 4
-2 2
+2 2
cfi=(29)
cfn=(84)
calls=2 24 
* 46
* 4
2322 5
cfn=(82) expand_dynamic_string_token
calls=1 320 
* 154
* 1
-2 1
+3 5
+4 9
cfn=(118) open_verify.constprop.7
calls=1 1598 
* 208
+3 2
-3 1
+3 3
+12 3
+46 1
+1 3
-1 1
+1 9
cfn=(126) _dl_map_object_from_fd
calls=1 808 
* 1347
-1 1
+1 3
-1 1
+1 9
cfn=(126)
calls=1 808 
* 1694
* 6
2171 1
+4 2
cfi=(13)
cfn=(28)
calls=1 79 
* 16
* 1
+2 1
-2 1
+2 1
+7 4
+36 12
cfn=(150) open_path
calls=1 1932 
* 2648
+6 2
-6 1
+6 3
601 3
2314 2
+28 4
+2 2
-95 1
-14 1
+14 1
+2 3
+4 2
cfi=(50)
cfn=(154)
calls=1 187 
* 1617
+2 1
-2 1
+2 1
+4 2
+8 3
+23 10
cfn=(118)
calls=1 1598 
* 220
+4 2
-4 1
+4 3
+1 2
-88 7
601 3
2219 2
+1 2
-32 1
+1 2
-1 3
+8 7
-3 3
601 3
+9 3
2208 3

fn=(82)
320 18
+10 6
-10 3
+10 3
cfi=(29)
cfn=(84)
calls=3 24 
* 117
* 6
+15 3
-11 3
+11 12
-11 3
cfi=(30)
cfn=(86)
calls=3 40 
* 230

fn=(126)
808 22
+10 2
-10 2
+10 2
-10 6
+10 2
cfi=(31) /build/glibc-OTsEL5/glibc-2.27/elf/dl-debug.c
cfn=(92) _dl_debug_initialize
calls=2 49 
* 16
fi=(40) /build/glibc-OTsEL5/glibc-2.27/elf/../sysdeps/posix/dl-fileid.h
37 6
fe=(24)
818 2
fi=(40)
37 2
cfi=(41)
cfn=(130)
calls=2 -3 
* 20
* 4
+4 2
fe=(24)
834 2
fi=(40)
40 2
+1 2
fe=(24)
834 27
+1 10
fi=(40)
49 13
fe=(24)
1346 18
852 4
+24 8
+10 4
+22 8
+32 4
819 2
943 14
cfi=(17) /build/glibc-OTsEL5/glibc-2.27/elf/dl-object.c
cfn=(38) _dl_new_object
calls=2 59 
* 758
+1 2
-1 2
+1 2
+11 4
+5 2
-5 2
+1 2
+5 2
-5 2
+1 2
+2 2
-2 2
+2 4
+1 6
+20 2
-2 2
+10 2
-8 12
+8 2
-8 6
+8 2
+97 2
982 2
-6 2
1085 2
981 2
-5 4
1085 6
-96 32
-1 102
+1 95
+6 4
+5 4
+1 8
+11 20
+5 32
+9 12
-1 12
+1 4
+1 8
+2 4
-2 4
+1 4
-1 4
+3 4
+4 4
-7 4
+3 4
-1 4
+5 4
+1 8
+5 4
-1 2
-14 2
+14 2
+1 12
+10 2
-10 4
-1 2
-14 2
+14 2
+1 12
+10 2
-44 2
+1 1
+46 3
+4 1
+1 1
+2 1
-1 1
-1 2
+1 1
+3 3
+1 1
+3 1
-3 1
+7 4
+6 1
cfi=(32)
cfn=(162)
calls=1 51 
* 6
* 2
+1 1
+19 4
+1 4
+1 2
-6 4
+1 2
+8 8
956 2
1110 2
956 2
1110 2
+10 6
fi=(43) /build/glibc-OTsEL5/glibc-2.27/elf/./dl-map-segments.h
50 2
+6 2
fe=(24)
1120 8
fi=(43)
56 6
fe=(24)
1120 2
fi=(43)
50 2
fe=(24)
1120 4
fi=(43)
56 4
cfi=(42)
cfn=(132)
calls=2 -12 
* 74
+4 2
-4 2
+4 4
+3 4
+1 2
+2 2
-2 2
-1 2
+3 2
+14 4
fi=(45) /build/glibc-OTsEL5/glibc-2.27/elf/./dl-load.h
+10 8
+1 6
+2 8
fi=(43)
+11 16
+45 4
-59 20
+2 12
+2 16
cfi=(42)
cfn=(132)
calls=2 -50 
* 66
* 4
+16 2
+2 2
-2 2
+1 2
+2 2
-1 2
+1 2
-1 6
+8 4
+3 4
+8 14
cfi=(28)
cfn=(76)
calls=2 -22 
* 249
* 4
+6 4
+4 8
cfi=(42)
cfn=(132)
calls=1 -97 
* 33
+3 2
-71 20
cfi=(44)
cfn=(136)
calls=2 +5 
* 10
* 4
fi=(45)
+21 5
+2 1
-1 3
+1 1
-1 1
+1 2
-1 2
+3 4
fe=(24)
1132 8
+9 4
fi=(3) /build/glibc-OTsEL5/glibc-2.27/elf/get-dynamic-info.h
42 2
fe=(24)
1141 2
fi=(3)
42 2
+6 2
-2 2
+2 4
+15 2
+5 2
+3 2
-1 2
-3 2
-3 36
+10 8
-26 24
+16 35
+10 35
-26 105
+26 2
-26 6
+2 90
+13 40
+2 8
+16 4
+20 7
+1 8
+1 8
+1 8
+2 8
+5 8
+1 7
+1 8
+6 6
+5 4
+7 4
+1 6
+18 6
+5 1
+2 1
-2 1
+2 1
+2 2
+2 2
+3 6
+10 1
-8 4
+8 1
+5 2
+3 4
fe=(24)
1148 4
+15 6
+19 4
+2 10
+54 6
+1 2
+3 2
cfi=(46)
cfn=(142)
calls=1 27 
* 5
* 2
cfi=(46)
cfn=(142)
calls=1 27 
* 5
* 4
+9 4
+2 6
+2 2
-2 2
+2 2
+16 4
cfi=(6)
cfn=(10) _dl_setup_hash
calls=2 939 
* 46
+4 4
+1 4
+17 4
+1 1
+8 1
-5 3
+5 2
-5 3
+5 1
+10 4
+10 6
cfi=(17)
cfn=(50) _dl_add_to_namespace_list
calls=2 31 
* 82
+4 6
fi=(3)
68 8
+3 8
+1 2
+1 8
fe=(24)
369 2

fn=(66) _dl_init_paths
623 1
+13 2
-13 8
+13 3
cfi=(25) /build/glibc-OTsEL5/glibc-2.27/elf/dl-hwcaps.c
cfn=(68) _dl_important_hwcaps
calls=1 42 
* 711
+5 1
-5 1
+5 1
cfi=(19)
cfn=(46)
calls=1 50 
* 18
* 1
+1 1
-2 1
+2 2
+8 1
-1 1
+1 4
-1 3
+4 4
cfi=(19)
cfn=(46)
calls=1 50 
* 18
* 1
+2 1
-2 2
+2 1
+7 1
+10 1
-11 1
+12 1
+3 1
+1 1
-5 1
+3 1
+1 1
-1 1
+9 1
-20 1
+17 1
+3 1
-3 17
cfi=(28)
cfn=(76)
calls=4 109 
* 48
+3 27
-12 3
-2 3
+10 3
-7 3
-1 3
+4 3
-1 3
+1 3
+1 3
+3 3
+1 3
-4 3
+4 3
+14 1
-11 1
+6 1
+1 1
+5 2
+2 4
+2 3
+38 5
-19 1
-2 2
+2 2
+21 3
cfi=(13)
cfn=(28)
calls=1 79 
* 34
* 8
cfi=(20)
cfn=(48)
calls=1 129 
* 18
* 1
+5 4
-1 2
+2 143
-1 141
+5 1
cfi=(19)
cfn=(46)
calls=1 50 
* 18
* 1
+1 1
-2 1
+2 1
+6 7
cfn=(78) fillin_rpath
calls=1 389 
* 1294
+3 3
+6 1
+4 8
-37 2

fn=(78)
389 7
+2 1
-2 9
+4 3
cfi=(19)
cfn=(80)
calls=1 265 
* 338
* 6
cfi=(19)
cfn=(80)
calls=2 265 
* 244
* 9
+7 4
+2 6
cfn=(82)
calls=2 -82 
* 250
+4 2
-4 2
+4 2
+5 4
cfi=(13)
cfn=(28)
calls=2 79 
* 50
+1 4
+7 12
+9 37
+1 18
+57 4
cob=(2)
cfi=(18)
cfn=(88)
calls=2 0 
* 10
* 2
-39 4
+4 14
-1 2
cfi=(19)
cfn=(46)
calls=2 50 
* 36
* 2
+3 6
+5 2
+1 4
-2 4
+2 2
cfi=(20)
cfn=(74)
calls=2 116 
* 24
+3 2
-2 2
-1 2
+1 2
+2 2
+6 8
+1 34
+1 2
-1 6
+1 2
-1 28
+1 16
-1 2
+1 2
-1 6
+1 2
-1 4
+4 2
-1 2
+1 2
-1 2
+1 2
+8 2
-1 2
+4 6
-37 4
-28 2
+5 8
+66 1
+3 9
-15 4

fn=(118)
1598 198
+39 18
-39 54
+39 70
+31 72
cfi=(37) /build/glibc-OTsEL5/glibc-2.27/io/../sysdeps/unix/sysv/linux/wordsize-64/lxstat.c
cfn=(120) open
calls=18 39 
* 336
+2 18
-2 18
+2 20
+10 2
+1 4
+5 12
cfi=(39) /build/glibc-OTsEL5/glibc-2.27/io/../sysdeps/unix/sysv/linux/read.c
cfn=(124) read
calls=2 27 
* 10
+2 4
+2 2
+2 2
-2 2
+2 2
+6 4
+16 32
+74 4
+5 4
+2 8
+6 4
+11 4
+6 2
+1 2
+1 2
-2 6
+1 6
+21 82
+2 38
+13 6
+3 8
+1 2
+12 12
-3 18
+15 2
+3 1
+1 3
+1 1
-1 1
-1 1
+3 3
+1 3
1650 16
1918 162
1714 2
1871 12
+3 2
-4 2
+4 4
+5 1
+1 2
-55 2

fn=(150)
1932 8
+1 1
+6 1
-6 1
+6 1
+5 11
-7 1
-1 1
+8 7
+3 3
+9 4
-9 3
+9 4
+7 6
+1 2
-13 6
+12 2
cfi=(20)
cfn=(74)
calls=2 116 
* 24
* 2
+55 4
-22 12
-32 4
+32 48
-32 32
+3 32
+4 96
cfi=(20)
cfn=(74)
calls=16 116 
* 202
* 64
cfi=(20)
cfn=(74)
calls=16 116 
* 192
+3 32
+3 48
+3 144
cfn=(118)
calls=16 1598 
* 880
* 16
+2 80
+2 32
+89 9
-24 14
+7 2
-2 2
+2 6
+3 3
-13 2
-57 32
+1 128
+6 32
+2 32
-2 32
+2 32
cfi=(49) /build/glibc-OTsEL5/glibc-2.27/io/../sysdeps/unix/sysv/linux/wordsize-64/xstat.c
cfn=(152) _xstat
calls=16 34 
* 202
* 16
+3 16
-3 16
+1 2
+2 2
-2 2
+2 14
-37 4
+37 14
-37 28

fl=(49)
fn=(152)
34 16
-1 16
+1 16
+1 96
+4 2
-4 56

fl=(2)
fn=(2)
444 9
+19 4
fi=(3)
48 1
fe=(2)
463 1
fi=(5)
59 3
fi=(3)
-11 1
fe=(2)
489 1
-3 1
fi=(3)
48 1
+25 2
-3 1
-7 1
+5 1
+3 1
+2 1
-6 1
+3 1
-3 2
-3 16
+10 4
-26 12
+16 13
+10 13
-26 39
+26 1
-26 3
+2 36
+13 20
+2 4
+16 2
+20 4
+1 4
+1 4
+1 4
+2 4
+5 4
+1 4
+1 4
+6 3
+5 2
+7 3
+1 3
+8 3
+3 3
+4 2
+1 2
fe=(2)
500 2
393 1
507 1
393 1
cfi=(6)
cfn=(10)
calls=1 939 
* 23
+1 2
+1 2
+1 2
+1 2
+8 1
+9 1
-9 3
+9 1
-6 1
-3 1
+9 1
cfi=(7)
cfn=(12)
calls=1 88 
* 137265
* 1
+9 4
+3 1
+4 1
-4 1
+4 1
532 9
-27 27
fi=(4) /build/glibc-OTsEL5/glibc-2.27/elf/do-rel.h
84 1
+27 1
-28 1
+28 2
+1 2
fi=(5)
540 2
fi=(4)
112 76
fi=(5)
540 76
+1 39
fi=(4)
111 39
fi=(5)
541 39
fi=(4)
111 39
fi=(5)
541 39
fi=(4)
111 39
+5 2
+8 1
fi=(5)
335 1
+87 1
fi=(4)
124 2
+12 1
+3 1
-3 1
+3 1
-3 1
fi=(5)
301 1
fi=(4)
137 1
fi=(5)
301 1
fi=(4)
137 1
fi=(5)
301 1
fi=(4)
136 8
+3 8
-3 8
+3 8
-3 8
fi=(5)
301 8
fi=(4)
137 8
fi=(5)
301 8
fi=(4)
137 8
fi=(5)
301 8
+9 27
+3 9
-3 18
+3 27
+22 54
fi=(3)
68 4
fi=(4)
+56 28
fi=(5)
354 27
fi=(3)
71 4
+1 1
+1 2
fe=(2)

fn=(52) rtld_lock_default_lock_recursive
784 5
+1 5

fn=(112) map_doit
588 1
+2 1
-2 1
+3 2
-1 3
+1 3
cfi=(24)
cfn=(114)
calls=1 2080 
* 2113
* 1
+2 2

fn=(32)
870 1
+17 1
-17 10
+17 1
+4 1
-21 1
2471 1
891 1
+1 1
2466 1
892 1
+5 1
2471 1
897 1
2464 2
+7 3
-4 1
+4 3
+2 2
cfi=(15)
cfn=(34)
calls=1 29 
* 70
* 4
cfi=(15)
cfn=(34)
calls=2 29 
* 424
* 9
+4 6
-2 2
+2 42
+1 19
-1 57
+3 4
+6 14
+76 3
+1 4
cfi=(16)
cfn=(36)
calls=1 24 
* 31
* 2
-56 2
+7 4
cfi=(16)
cfn=(36)
calls=1 24 
* 36
* 2
+2 3
2635 3
+32 3
907 3
1108 7
cfi=(17)
cfn=(38)
calls=1 59 
* 230
+2 1
-2 1
+2 1
+1 1
+1 1
+5 2
-5 1
+1 2
+4 1
cfi=(17)
cfn=(50)
calls=1 31 
* 33
+1 2
879 1
1147 1
-3 1
-5 1
+1 1
+2 1
+5 5
+56 2
876 1
1166 1
+22 1
+15 2
-55 24
-1 27
+1 47
1250 3
+3 2
+2 2
+2 3
+13 3
+3 2
-2 1
+2 1
-2 3
cfi=(21)
cfn=(56)
calls=1 144 
* 50
* 2
+7 1
+3 1
-5 1
+3 1
-3 1
+5 1
+1 2
+4 2
+2 2
fi=(3)
33 1
+9 2
+6 1
-2 1
+2 2
+15 1
+5 1
+3 1
+2 1
-3 1
-3 1
-3 1
-14 52
+13 24
+1 20
+10 5
-26 15
+16 20
+10 20
-26 60
+26 1
-26 3
+33 3
+20 3
+1 4
+1 4
+1 4
+2 4
+5 4
+1 4
+1 4
+6 3
+5 2
+7 2
+1 3
+18 3
+5 1
+2 1
-2 1
+2 1
+2 2
+2 2
+1 1
+2 3
+10 1
-8 3
+8 1
+5 2
+1 2
+2 2
fe=(2)
1293 2
cfi=(6)
cfn=(10)
calls=1 939 
* 23
+3 2
fi=(22) /build/glibc-OTsEL5/glibc-2.27/elf/setup-vdso.h
24 2
fe=(2)
1318 1
cfi=(11)
cfn=(62)
calls=1 45 
* 79
* 9
-6 5
1167 2
+9 1
-7 1
-3 1
+10 1
+18 2
-37 3
+1 1
-6 3
+1 1
fi=(3)
65 4
+3 4
fe=(2)
1203 2
-1 2
+1 4
-1 2
+2 4
+1 1
+3 2
+1 2
-1 2
+1 2
+1 2
+1 6
+1 2
+31 2
+1 2
+1 1
-6 2
+1 1
fi=(3)
71 4
+1 1
+1 3
fe=(2)
1323 2
cfi=(24)
cfn=(66)
calls=1 623 
* 2647
+3 3
cfi=(31)
cfn=(92)
calls=1 49 
* 17
+7 1
-7 1
+2 1
+5 1
+3 3
+1 1
+3 1
-3 3
+1 2
+3 1
+5 1
-7 1
+7 1
+1 5
+17 2
+1 2
+5 1
-3 3
+2 1
+1 2
+5 2
+1 5
-1 2
+3 2
+1 2
+5 2
+6 4
+1 1
-2 1
885 1
1391 1
1570 1
cfi=(32)
cfn=(94)
calls=1 113 
* 4
* 1
+8 3
+3 2
+4 3
+5 2
+1 1
cfi=(31)
cfn=(96) _dl_debug_state
calls=1 74 
* 1
+1 1
+4 2
+15 3
+4 1
-2 1
+2 2
+2 3
+1 1
-1 2
+1 1
cfn=(98) handle_ld_preload
calls=1 837 
* 2506
* 1
+1 4
+2 2
+10 3
cfi=(47)
cfn=(144)
calls=1 27 
* 8
* 2
+77 1
-96 1
+96 3
+17 3
+1 1
-1 1
+1 2
-1 1
+1 5
cfi=(48)
cfn=(146)
calls=1 159 
* 8618
+1 4
+5 1
-3 2
+3 2
+1 7
-1 2
+1 9
-1 6
+4 3
+1 3
+1 1
+2 2
+1 5
-1 4
+1 6
-1 6
+47 2
+2 2
-1 1
-1 2
+2 4
cfi=(34)
cfn=(166) _dl_receive_error
calls=1 226 
* 2617
+10 1
+1 1
-1 1
+1 1
+1 1
cfn=(174) init_tls
calls=1 687 
* 542
* 1
+2 2
799 1
fi=(129) /build/glibc-OTsEL5/glibc-2.27/elf/../sysdeps/unix/sysv/linux/dl-osinfo.h
64 2
fe=(2)
801 1
fi=(129)
77 1
fe=(2)
810 1
+7 1
-5 1
1808 2
2038 3
2161 3
+7 1
+2 3
+1 1
-1 2
+2 10
+2 4
-2 8
+2 4
+5 8
+2 8
+6 4
+2 8
+1 24
cfi=(54) /build/glibc-OTsEL5/glibc-2.27/elf/dl-reloc.c
cfn=(180) _dl_relocate_object
calls=3 148 
* 80126
+4 10
+1 2
cfi=(32)
cfn=(278)
calls=1 887 
* 20
* 1
-12 1
+1 1
-3 2
+29 4
+2 1
+7 3
cfi=(32)
cfn=(280)
calls=1 437 
* 149
+3 2
-25 4
+2 2
+6 1
-6 1
+6 1
+26 3
+2 4
+15 1
+2 1
-2 2
+3 1
-3 1
+3 1
-3 1
+3 3
cfi=(54)
cfn=(180)
calls=1 148 
* 6191
+1 4
+2 2
+8 1
cfi=(7)
cfn=(282)
calls=1 260 
* 1
+4 2
+20 3
cfi=(31)
cfn=(92)
calls=1 49 
* 8
+1 1
-1 1
+2 1
cfi=(31)
cfn=(96)
calls=1 74 
* 1
+1 1
+4 1
cfi=(50)
cfn=(284)
calls=1 326 
* 15
+5 8
2094 1
+13 1
-9 1
-4 1
+10 1
-6 1
+6 1
+3 1
1753 1
+1 1
-1 2
+1 1
+2 1
+2 3
+2 1
-4 1
+4 2
+14 4
+1 2
+1 3
-64 5
+1 1
-1 3
+4 3
+1 1
+1 2
+1 2
+32 2
2565 3

fn=(98)
837 8
+1 1
-1 1
-75 1
+86 1
-86 4
+80 2
+3 3
cfi=(33) /build/glibc-OTsEL5/glibc-2.27/string/../sysdeps/x86_64/strcspn.S
cfn=(100) strcspn
calls=1 30 
* 218
* 1
+1 3
+9 1
121 1
857 2
121 2
859 2
-97 5
-10 1
+4 1
+1 1
+1 1
+2 1
+2 1
cfi=(34)
cfn=(104) _dl_catch_error
calls=1 213 
* 2201
* 1
+1 3
+8 4
+71 2
+21 9
-15 4
cfi=(20)
cfn=(48)
calls=1 129 
* 18
+1 2

fn=(174)
687 1
-6 1
+2 2
+4 1
+10 4
cfi=(19)
cfn=(42)
calls=1 92 
* 27
* 1
+11 1
-15 1
+3 1
+6 1
+2 1
-11 1
+15 1
+2 1
-1 1
+1 15
+2 8
+4 1
+2 1
-2 1
-5 8
+9 2
+3 1
cfi=(32)
cfn=(176)
calls=1 141 
* 66
+7 1
cfi=(32)
cfn=(178)
calls=1 332 
* 375
+1 1
-1 1
+1 1
+6 1
+3 1
-3 1
+3 6
+3 1
+2 1
+1 3

fn=(54) rtld_lock_default_unlock_recursive
790 5
+1 5

fn=(168) version_check_doit
621 2
+2 4
cfi=(53) /build/glibc-OTsEL5/glibc-2.27/elf/dl-version.c
cfn=(170) _dl_check_all_versions
calls=1 362 
* 2592
* 2
+4 2

fl=(30)
fn=(86)
40 16
+1 4
cfi=(13)
cfn=(28)
calls=4 +38 
* 118
* 4
+1 8
cfi=(19)
cfn=(46)
calls=4 +8 
* 72
* 4
+2 8
+4 4
-1 8
+1 8
-1 8
cfi=(20)
cfn=(48)
calls=4 +82 
* 48

fl=(35) /build/glibc-OTsEL5/glibc-2.27/setjmp/../sysdeps/x86_64/setjmp.S
fn=(110) __sigsetjmp
26 3
+9 3
+1 6
+1 3
+4 3
+1 3
+1 3
+1 3
+1 3
+2 6
+2 3
+1 3
+1 3
+2 6
+2 3
+4 3
+1 3

fl=(31)
fn=(92)
49 8
+5 6
+5 2
-1 1
+1 2
+1 2
-1 1
+5 1
-14 4
+4 8
+4 1
-1 1
+1 4

fn=(96)
74 2

fl=(54)
fn=(180)
148 40
+15 4
-15 8
+15 4
+1 20
+6 12
+6 16
+1 8
-19 6
+22 6
+7 4
-32 4
+32 4
+44 4
fi=(5)
76 4
fe=(54)
231 8
fi=(5)
76 12
fe=(54)
258 146
-99 2
fi=(5)
481 6
fe=(54)
159 4
+99 2
fi=(4)
48 2
fe=(54)
258 2
fi=(4)
47 2
+11 2
-11 2
+11 2
-11 2
+11 2
fe=(54)
258 2
-99 2
fi=(5)
481 6
fe=(54)
159 4
+99 2
fi=(4)
48 2
fe=(54)
258 2
fi=(4)
47 2
+11 2
-11 2
+11 2
-11 2
+11 2
fe=(54)
258 4
fi=(4)
48 4
fe=(54)
258 4
fi=(4)
47 4
+11 4
-11 4
+11 4
-11 4
+11 4
+26 6
+14 12
-15 12
+3 24
+12 6
+10 8
+10 18
+6 5
-3 10
+3 5
fi=(5)
491 3
fi=(4)
51 3
fi=(5)
491 3
fi=(4)
50 6
+77 460
+12 230
-3 345
fi=(5)
276 115
fi=(4)
139 115
-2 115
-1 115
+1 115
+1 115
-1 230
fi=(5)
276 115
+21 230
+4 230
+7 460
fi=(55) /build/glibc-OTsEL5/glibc-2.27/elf/../sysdeps/generic/ldsodefs.h
102 294
fi=(5)
308 1798
fi=(4)
138 95
fi=(5)
308 190
fi=(4)
138 95
fi=(5)
308 95
fi=(4)
138 95
fi=(5)
308 1330
cfi=(6)
cfn=(188)
calls=95 790 
* 54691
* 570
+2 294
+25 690
fi=(4)
74 4
+1 7
+1 78
fi=(5)
551 39
+24 78
+2 39
cob=(3)
cfi=(77) /build/glibc-OTsEL5/glibc-2.27/time/../sysdeps/unix/sysv/linux/x86/gettimeofday.c
cfn=(274) gettimeofday
calls=1 42 
* 77
cob=(3)
cfi=(58) /build/glibc-OTsEL5/glibc-2.27/string/../sysdeps/x86_64/multiarch/ifunc-strcasecmp.h
cfn=(270) strncasecmp_l
calls=1 32 
* 6
cob=(3)
cfi=(60) /build/glibc-OTsEL5/glibc-2.27/string/../sysdeps/x86_64/multiarch/ifunc-avx2.h
cfn=(268) strchrnul
calls=1 32 
* 8
cob=(3)
cfi=(57) /build/glibc-OTsEL5/glibc-2.27/string/../sysdeps/x86_64/multiarch/ifunc-unaligned-ssse3.h
cfn=(266) stpcpy
calls=1 33 
* 9
cob=(3)
cfi=(57)
cfn=(264) stpncpy
calls=1 33 
* 9
cob=(3)
cfi=(70) /build/glibc-OTsEL5/glibc-2.27/string/../sysdeps/x86_64/multiarch/ifunc-sse4_2.h
cfn=(262) strspn
calls=1 30 
* 6
cob=(3)
cfi=(64) /build/glibc-OTsEL5/glibc-2.27/wcsmbs/../sysdeps/x86_64/multiarch/ifunc-avx2.h
cfn=(260) wcslen
calls=1 32 
* 8
cob=(3)
cfi=(60)
cfn=(258) memchr
calls=1 32 
* 8
cob=(3)
cfi=(58)
cfn=(254) strcasecmp_l
calls=1 32 
* 6
cob=(3)
cfi=(60)
cfn=(252) memrchr
calls=1 32 
* 8
cob=(3)
cfi=(60)
cfn=(250) strlen
calls=1 32 
* 8
cob=(3)
cfi=(74) /build/glibc-OTsEL5/glibc-2.27/string/../sysdeps/x86_64/multiarch/strchr.c
cfn=(248) index
calls=1 40 
* 8
cob=(3)
cfi=(70)
cfn=(246) strpbrk
calls=1 30 
* 6
cob=(3)
cfi=(73) /build/glibc-OTsEL5/glibc-2.27/wcsmbs/../sysdeps/x86_64/multiarch/ifunc-wmemset.h
cfn=(244) wmemset
calls=2 32 
* 26
cob=(3)
cfi=(72) /build/glibc-OTsEL5/glibc-2.27/wcsmbs/../sysdeps/x86_64/multiarch/wcsnlen.c
cfn=(242) wcsnlen
calls=1 40 
* 7
cob=(3)
cfi=(56) /build/glibc-OTsEL5/glibc-2.27/string/../sysdeps/x86_64/multiarch/ifunc-memmove.h
cfn=(240) memcpy@@GLIBC_2.14
calls=1 44 
* 16
cob=(3)
cfi=(57)
cfn=(238) strcpy
calls=1 33 
* 9
cob=(3)
cfi=(58)
cfn=(234) strncasecmp
calls=1 32 
* 6
cob=(3)
cfi=(70)
cfn=(232) strcspn
calls=1 30 
* 6
cob=(3)
cfi=(60)
cfn=(230) strnlen
calls=2 32 
* 16
cob=(3)
cfi=(64)
cfn=(228) wcschr
calls=2 32 
* 16
cob=(3)
cfi=(69) /build/glibc-OTsEL5/glibc-2.27/string/../sysdeps/x86_64/multiarch/ifunc-memset.h
cfn=(226) memset
calls=1 42 
* 18
cob=(3)
cfi=(68) /build/glibc-OTsEL5/glibc-2.27/string/../sysdeps/x86_64/multiarch/strcmp.c
cfn=(224) strcmp
calls=1 38 
* 9
cob=(3)
cfi=(67) /build/glibc-OTsEL5/glibc-2.27/string/../sysdeps/x86_64/multiarch/strncmp.c
cfn=(222) strncmp
calls=1 38 
* 8
cob=(3)
cfi=(65) /build/glibc-OTsEL5/glibc-2.27/string/../sysdeps/x86_64/multiarch/ifunc-memcmp.h
cfn=(218) bcmp
calls=1 33 
* 13
cob=(3)
cfi=(56)
cfn=(216) mempcpy
calls=1 44 
* 16
cob=(3)
cfi=(64)
cfn=(214) wmemchr
calls=2 32 
* 16
cob=(3)
cfi=(60)
cfn=(212) rawmemchr
calls=1 32 
* 8
cob=(3)
cfi=(61) /build/glibc-OTsEL5/glibc-2.27/time/../sysdeps/unix/sysv/linux/x86/time.c
cfn=(206) time
calls=1 43 
* 77
cob=(3)
cfi=(60)
cfn=(204) rindex
calls=1 32 
* 8
cob=(3)
cfi=(57)
cfn=(202) strcat
calls=1 33 
* 9
cob=(3)
cfi=(58)
cfn=(198) strcasecmp
calls=1 32 
* 6
cob=(3)
cfi=(57)
cfn=(196) strncpy
calls=1 33 
* 9
cob=(3)
cfi=(56)
cfn=(194) memmove
calls=2 44 
* 32
-26 39
+27 39
fi=(4)
75 121
fe=(54)
258 2
fi=(4)
75 14
fe=(54)
258 14
+3 16
+24 4
+3 8
+17 12
+8 20
+3 4
-3 4
+3 4
+4 8
+1 12
cfi=(44)
cfn=(136)
calls=4 78 
* 20
* 8
-14 32
fi=(5)
131 6
458 392
fi=(4)
124 345
+19 15
fi=(5)
430 51
+4 68
+5 17
+9 17
-9 34
+9 34
308 34
+5 17
-3 34
+3 145
-3 188
+3 282
+3 5
+3 2
+1 3
+1 2
+4 1
+7 1
cob=(3)
cfi=(68)
cfn=(224)
calls=1 38 
* 9
* 3
-24 57
fi=(4)
61 4
-10 2
-1 4
fi=(5)
551 16
+4 16
+2 24
+1 8
fi=(4)
61 141
+2 188
+2 119
+46 9
fi=(5)
541 1243
fi=(4)
111 1243
fi=(5)
541 1243
fi=(4)
111 1243
fi=(5)
541 1243
fi=(4)
111 1243
fi=(5)
535 1243
fi=(4)
112 2486
fi=(5)
535 2486
+5 2486
fi=(4)
50 1
160 1
51 1
160 4
+2 20
+9 10
-1 5
+1 5
-1 10
fi=(5)
276 5
fi=(4)
170 15
fi=(5)
276 5
+21 10
+4 10
+7 20
fi=(55)
102 15
fi=(5)
308 170
cfi=(6)
cfn=(188)
calls=5 790 
* 2413
* 35
+2 15
+25 30
fe=(54)
-77 10
fi=(5)
82 4
+4 6
+14 2
-8 2
+8 4
+20 4
+4 8
-2 4
458 20
fi=(4)
160 17
+14 2
fi=(5)
313 1
-3 2
+3 3
-5 87
fe=(54)
180 3
fi=(5)
308 6
fe=(54)

fl=(17)
fn=(38)
59 36
+1 3
-1 3
+1 6
cfi=(13)
cfn=(28)
calls=3 +19 
* 66
+6 3
-6 6
+6 3
+7 3
-7 3
-6 3
+6 9
+2 6
+5 9
cfi=(19)
cfn=(42)
calls=3 +19 
* 147
* 3
+3 3
-3 3
+3 3
+4 3
+5 3
-6 3
+6 3
-5 3
+5 3
-5 3
+4 3
+1 6
-1 3
+1 3
cfi=(20)
cfn=(48)
calls=3 +44 
* 41
+10 3
-10 3
+10 3
-10 3
+10 3
-8 3
+8 6
+1 3
-1 3
+1 9
+3 3
-3 3
+3 3
+9 3
-7 3
+4 3
+3 8
+2 2
-2 2
+2 30
-2 30
+18 6
-6 3
+1 3
+5 3
-6 3
+6 9
+2 2
+3 2
-3 4
+3 2
+4 6
+4 5
+8 1
+3 1
+3 2
-3 1
+3 1
-3 2
+3 4
-3 2
+3 2
+2 2
+21 2
-21 2
cfi=(13)
cfn=(28)
calls=2 -76 
* 68
+4 2
-4 4
+17 2
-13 6
+64 2
+4 27
100 8
+39 6
+70 6
cfi=(20)
cfn=(74)
calls=2 -93 
* 32
* 42
+6 40
-1 40
+1 42
-1 2
+1 6
+5 4
-96 1
+7 4
+32 4
cfi=(19)
cfn=(46)
calls=2 50 
* 36
* 2
+1 2
-1 4
+1 2

fn=(50)
31 6
+2 3
-2 9
+2 6
cfi=(2)
cfn=(52)
calls=3 784 
* 6
+2 22
+3 15
+2 2
+2 2
+4 2
+4 2
-4 4
+1 2
+4 4
-4 2
+1 2
+3 2
-3 2
+2 2
cfi=(2)
cfn=(54)
calls=2 790 
* 4
-4 1
+4 1
-4 2
+1 1
+4 2
-4 1
+1 1
+3 1
-3 1
+2 1
cfi=(2)
cfn=(54)
calls=1 790 
* 2
-5 2

fl=(33)
fn=(100)
30 1
+7 1
+1 1
+2 1
+1 1
+1 1
+1 1
+1 33
+3 2
+7 1
+1 1
+1 1
+1 1
+2 1
+1 1
+1 1
+1 1
+2 1
+1 1
+1 1
+9 3
+12 1
+2 1
+1 1
+1 1
-4 11
+2 11
+1 11
+1 11
+2 12
+1 12
+1 12
+2 12
+1 12
+1 12
+2 12
+1 12
+1 12
+2 1
+1 1
+1 1
+2 1
+7 1
+4 1

fl=(78)
fn=(290)
79 11
+5 1
-4 1
+1 1
+3 2
+8 2
+25 2
+1 12
+1 12
-89 12
+9 3
-3 6
+3 9
+5 6
+5 2
+9 6
cob=(3)
cfi=(80) /build/glibc-OTsEL5/glibc-2.27/csu/../csu/init-first.c
cfn=(302) _init
calls=1 -6 
* 201
* 1
+4 2
+6 2
+2 2
-2 1
+3 1
-1 1
+1 5
+1 4
cob=(3)
cfi=(86) /build/glibc-OTsEL5/glibc-2.27/string/../sysdeps/x86/cacheinfo.c
cfn=(316) init_cacheinfo
calls=1 488 
* 1773
* 1
-1 2
+47 3
+7 8
-80 3
-5 3
-10 3
+57 2
-48 1
-3 2
+3 3
+5 3
+5 2
+9 7
cob=(2)
cfi=(18)
cfn=(292)
calls=1 -58 
* 6
* 1
+3 1
+1 2
+6 1
+2 2
-2 2
+3 8
+1 4
cob=(4) /usr/lib/valgrind/vgpreload_core-amd64-linux.so
cfi=(79) ???
cfn=(296) 0x0000000000000640
calls=1 -72 
* 17
-1 5

fl=(34)
fn=(166)
226 3
+1 1
+1 1
+3 1
+1 1
+2 2
cfi=(2)
cfn=(168)
calls=1 621 
* 2602
+2 1
+1 1
+1 4

fn=(104)
213 6
+2 2
-2 1
+2 2
cfn=(108)
calls=1 -40 
* 2178
* 1
+1 2
+1 1
+1 1
-1 1
+1 1
+2 5

fn=(108)
175 6
+15 3
-3 6
+4 3
-3 3
-13 3
+19 3
-3 3
+3 3
-19 3
+13 3
+2 3
+4 3
cfi=(35)
cfn=(110)
calls=3 26 
* 60
* 9
+2 9
cfi=(48)
cfn=(148)
calls=2 60 
* 7153
cfi=(2)
cfn=(112)
calls=1 588 
* 2127
+2 3
-1 3
+1 6
-1 3
+1 3
+9 12

fl=(8)
fn=(24)
34 2
+4 4
+3 3
+4 1
-4 1
+4 1
-4 1
+3 1
+1 2
+1 4
+1 4
+1 3
+1 2
+7 2
+1 7
+7 3
+4 2
+2 4
+40 2
+4 4
+1 2
+3 1
+7 1
-8 1
+4 1
+2 1
-2 1
+4 2
+3 2
+50 3
74 2
+3 3
+3 1
-3 1
+3 1
+2 3
+2 2
+7 3
-5 3

fl=(23)
fn=(64)
78 4
+1 1

fl=(25)
fn=(68)
42 4
+1 1
-1 8
+1 4
-1 1
+1 1
cfi=(9)
cfn=(26)
calls=1 373 
* 18
* 1
+3 3
-3 1
+12 6
+1 3
+1 1
-2 1
+2 1
-2 5
+1 3
+1 1
-2 1
+2 1
-2 5
+10 3
fi=(26)
-37 4
fe=(25)
131 4
-2 1
+17 6
+3 2
329 9
69 3
+77 1
+20 1
-19 1
+36 10
+1 3
-1 2
+1 3
fi=(27) /build/glibc-OTsEL5/glibc-2.27/elf/../sysdeps/x86/dl-hwcap.h
57 6
fe=(25)
186 1
+1 1
cfi=(13)
cfn=(28)
calls=1 79 
* 16
+1 1
-1 1
+1 3
-5 1
+5 1
-5 1
+5 2
-5 5
+8 3
+2 1
+1 6
+4 1
+4 1
-3 1
-1 1
+4 2
+3 4
+4 3
+1 1
-1 5
+1 3
+2 3
+2 2
-1 1
+1 1
-1 1
+2 2
+7 2
+6 11
+1 4
cfi=(19)
cfn=(46)
calls=1 50 
* 18
* 1
+1 1
-1 1
+1 3
+29 13
+3 4
+7 1
+10 12
-4 2
-3 1
+3 1
cfi=(20)
cfn=(74)
calls=1 116 
* 16
* 2
-3 1
+3 1
cfi=(20)
cfn=(74)
calls=1 116 
* 16
* 6
+3 7
+1 12
+1 4
cfi=(20)
cfn=(74)
calls=1 116 
* 14
-2 1
+2 2
-2 1
+5 6
cfi=(20)
cfn=(74)
calls=2 116 
* 28
+2 2
-2 4
+2 5
-7 3
+12 1
+1 2
-1 9
+1 14
-1 18
+5 10
+4 3
-4 12
+4 33
+1 12
-1 12
+1 24
-2 12
+1 24
-1 39
+4 6
+5 1
-2 1
+2 1
-1 1
-1 2
+2 1
-1 1
+1 4
+2 6
+1 2
+3 2
-6 5
+13 8
+1 1
-1 2
+3 2
-3 3
+1 3
-1 6
+3 6
+3 3
+2 2
-15 2
-6 3
-42 2

fl=(13)
fn=(28)
79 16
+1 16
+1 16
+1 16
+1 16
+1 16
+1 16
+2 16
+2 16
+31 16
+1 16
+1 16
+1 16
+1 16
+1 7
+2 7
+4 9
+1 9
+1 9
+1 9
+1 9
+1 9
+1 9
+1 9
+1 9
+1 9
+1 9
+1 9
+5 72

fl=(53)
fn=(172) _dl_check_map_versions
156 28
+15 12
+2 20
+2 4
+1 4
+2 4
-3 4
+1 4
+2 4
+3 6
-16 2
-8 4
+28 2
-4 2
+4 4
+16 2
37 4
201 2
37 10
+1 5
-1 10
+2 21
cfi=(36)
cfn=(116)
calls=7 282 
* 638
* 14
209 6
+5 2
-71 6
+71 4
-71 6
+79 2
-2 2
-2 4
+4 2
-4 14
+4 2
-2 2
-2 4
+4 2
-4 24
57 6
+8 6
-8 6
+8 6
+6 12
+16 4
+1 8
+2 4
+5 24
+14 36
+12 42
+4 14
-30 28
225 16
+3 12
+5 2
-11 2
111 4
+3 16
cfi=(21)
cfn=(56)
calls=4 +30 
* 196
* 20
237 8
+14 6
+3 8
+3 12
+3 8
+4 2
-7 8
+3 6
+4 30
-7 120
+3 92
+8 9
+89 36
-83 12
cfi=(19)
cfn=(42)
calls=3 92 
* 81
* 3
+1 3
-2 3
+2 3
+13 3
+2 3
-5 3
+3 3
+2 3
-2 3
+2 3
+3 8
+4 6
+18 2
-15 6
+2 6
-2 6
+2 6
+2 4
+1 4
-1 8
+1 4
-1 4
+1 4
+1 4
-2 4
+2 8
+1 12
+3 12
+8 6
+10 9
+3 8
+4 32
+6 32
+1 32
+1 32
-1 96
+1 32
-1 32
+1 32
+1 32
+3 96
+4 32
-14 68
+10 6
-96 2
-86 2
-8 2
+94 3

fn=(170)
362 5
+2 1
-2 3
+4 3
+2 24
cfn=(172)
calls=4 156 
* 2521
-2 4
+2 16
-2 8
+5 7

fl=(125) /build/glibc-OTsEL5/glibc-2.27/elf/dl-fini.c
fn=(540) _dl_fini
30 8
+20 3
-3 6
+3 4
+3 2
cfi=(2)
cfn=(52)
calls=1 784 
* 2
+2 1
+3 2
+2 8
+8 1
-3 1
+8 1
-5 6
+7 8
+2 8
+2 8
+1 4
+1 4
+4 4
-12 12
+14 6
+1 4
+6 3
cfi=(52)
cfn=(164)
calls=1 -66 
* 253
+10 2
cfi=(2)
cfn=(54)
calls=1 790 
* 2
+5 6
+2 1
+2 3
-2 3
+2 9
+3 8
+3 12
+4 4
+11 2
+1 2
-1 2
+2 2
-2 2
+2 2
+1 14
+1 2
cob=(4)
cfi=(79)
cfn=(564) 0x0000000000000600
calls=1 0 
* 95
cob=(5)
cfi=(88)
cfn=(542) 0x0000000000000930
calls=1 0 
* 95
* 2
-1 6
+5 4
+1 6
cob=(2)
cfi=(18)
cfn=(580)
calls=1 0 
* 3
cob=(2)
cfi=(18)
cfn=(562)
calls=1 0 
* 3
+6 24
+16 8
-56 10
+62 6
+6 2
+7 8
-90 7
+26 6

fl=(6)
fn=(188)
790 1020
555 102
790 408
555 306
-1 204
+2 102
-1 102
+1 306
-1 306
+1 1270
-1 1270
+1 3810
-1 3912
793 102
-1 102
+4 102
+4 102
-8 102
+1 102
+7 390
+5 306
+6 306
-7 1122
+15 32
-8 48
+2 1326
cfn=(190) do_lookup_x
calls=102 338 
* 38105
+3 494
+25 204
+24 658
+31 94
+9 376
+14 282
+3 376
+5 94
+2 934
-86 48
+17 8
+1 16
+59 2

fn=(190)
338 714
+1 102
-1 612
+6 204
+12 102
+30 102
-41 102
+41 102
+35 204
-65 510
+14 963
+8 642
+1 963
+3 321
+1 642
+4 642
+3 642
-5 321
+5 963
+3 2247
-99 227
540 1612
+1 138
cfi=(36)
cfn=(116)
calls=46 282 
* 3450
* 184
+3 681
349 642
+3 642
+4 642
+4 642
+4 642
fi=(55)
102 282
fe=(6)
503 188
+3 700
-60 10
+64 39
+12 564
+2 94
+24 816
-1 16
397 297
-1 198
+2 198
+2 99
90 297
375 99
90 99
374 99
90 99
400 198
90 198
413 333
-10 1025
+2 376
+2 188
-1 282
78 658
+12 470
+3 333
cfi=(21)
cfn=(56)
calls=29 +51 
* 1355
* 87
+5 94
-1 94
+1 94
+2 186
+19 93
+1 837
452 940
148 2
+2 5
+30 35
-59 465
cfi=(21)
cfn=(56)
calls=93 +23 
* 4496
* 465

fn=(10)
939 12
+4 4
+4 8
+2 4
-1 4
+3 12
+1 4
+1 4
+3 4
-3 4
+7 4
-4 4
-1 4
+3 4
+2 4
-7 4
+7 4
+1 4

fl=(14)
fn=(30)
32 4
+8 6
+4 2
+16 5

fl=(37)
fn=(120)
39 19
fi=(38) /build/glibc-OTsEL5/glibc-2.27/io/../sysdeps/unix/sysv/linux/open64.c
-3 19
+3 114
+8 133
+2 3
-2 48
+2 16
fe=(37)

fl=(36)
fn=(116)
282 300
+1 120
cfi=(21)
cfn=(56)
calls=60 144 
* 1530
* 60
+1 60
-1 60
+3 60
+2 120
+6 57
+1 285
-3 61
-4 122
+1 192
cfi=(21)
cfn=(56)
calls=64 144 
* 1704
* 128
+6 3
-11 3
+11 12

fn=(156)
44 2
+3 1
-3 3
+3 1
-3 3
+3 1
cfi=(37)
cfn=(120)
calls=1 -8 
* 16
+1 2
+2 5
cfi=(41)
cfn=(130)
calls=1 -16 
* 10
* 2
+2 1
+3 1
-3 1
+3 1
+13 2
cfi=(46)
cfn=(142)
calls=1 -41 
* 5
+3 7
-14 6
cfi=(42)
cfn=(132)
calls=1 -13 
* 35
* 2

fl=(39)
fn=(124)
27 8
+1 2

fl=(52)
fn=(164)
28 16
+2 2
-2 2
+2 2
+92 10
-88 10
+1 4
-1 2
-1 2
+1 8
+1 2
cfi=(28)
cfn=(76)
calls=2 +74 
* 30
* 32
+4 4
+3 2
-3 4
+1 6
+2 2
-7 4
+4 8
+3 4
-3 8
+1 12
+2 4
+12 36
+2 12
+1 8
-1 6
+1 6
+2 18
+1 12
+58 24
cfi=(28)
cfn=(76)
calls=4 -9 
* 64
* 16
-28 24
-36 12
+61 28
-25 9
-44 12
+69 2
+7 16

fl=(104) /build/glibc-OTsEL5/glibc-2.27/elf/dl-open.c
fn=(386) _dl_find_dso_for_object
176 5
+4 6
+1 4
+1 12
+1 2
-2 6
+5 2
+4 7

ob=(3)
fl=(67)
fn=(222)
38 4
+1 3
+9 1

fl=(69)
fn=(226)
42 5
+4 2
-1 4
+12 2
+2 5

fl=(89) /build/glibc-OTsEL5/glibc-2.27/csu/../csu/libc-start.c
fn=(328) (below main)
137 8
+4 1
-4 2
+4 2
+98 1
-98 1
+98 1
+1 4
cfi=(90) /build/glibc-OTsEL5/glibc-2.27/stdlib/cxa_atexit.c
cfn=(330) __cxa_atexit
calls=1 65 
* 65
+22 4
+3 2
+1 5
cob=(5)
cfi=(88)
cfn=(334) __libc_csu_init
calls=1 0 
* 57
+4 4
+15 2
+12 2
cfi=(91) /build/glibc-OTsEL5/glibc-2.27/setjmp/../sysdeps/x86_64/bsd-_setjmp.S
cfn=(346) _setjmp
calls=1 30 
* 29
+1 2
+5 2
+1 2
+3 2
+3 6
cob=(5)
cfi=(94) /home/ved/Desktop/PA1/pa1.c
cfn=(352) main
calls=1 10 
* 1309343102
+34 2
cfi=(123) /build/glibc-OTsEL5/glibc-2.27/stdlib/exit.c
cfn=(534) exit
calls=1 139 
* 1054

fl=(84) /build/glibc-OTsEL5/glibc-2.27/string/../sysdeps/x86_64/multiarch/strrchr-avx2.S
fn=(312) __strrchr_avx2
43 1
+1 1
+2 1
+1 1
+3 1
+1 1
+1 1
+2 1
+1 1
+1 1
+1 1
+1 1
+1 1
+2 1
+1 1
+12 1
+1 1
216 1
+1 1
+1 1
+1 1
+1 1
+2 1
+1 1
+1 1
+1 1
+1 1

fl=(117) /build/glibc-OTsEL5/glibc-2.27/io/../sysdeps/unix/sysv/linux/read.c
fn=(454) read
27 168
+1 21

fl=(61)
fn=(206)
43 2
fi=(62) /build/glibc-OTsEL5/glibc-2.27/time/../sysdeps/generic/dl-hash.h
+1 1
+1 1
fe=(61)
-2 4
fi=(62)
+5 3
+14 4
-17 3
+3 9
+14 12
-17 9
+22 1
fe=(61)
-24 6
cfi=(63) /build/glibc-OTsEL5/glibc-2.27/elf/../sysdeps/unix/sysv/linux/dl-vdso.c
cfn=(210) _dl_vdso_vsym
calls=1 -18 
* 17
* 5

fl=(85) /build/glibc-OTsEL5/glibc-2.27/ctype/ctype-info.c
fn=(314) __ctype_init
31 5
+2 1
+2 1
-4 1
+4 1
-4 1
+2 3
+2 2
+1 1

fl=(83) /build/glibc-OTsEL5/glibc-2.27/misc/init-misc.c
fn=(308) __init_misc
31 2
-1 3
+1 4
+2 3
cfi=(84)
cfn=(312)
calls=1 +10 
* 27
* 1
+4 5
+1 3
+2 4

fl=(114) /build/glibc-OTsEL5/glibc-2.27/libio/filedoalloc.c
fn=(436) _IO_file_doallocate
78 16
+6 8
fi=(116) /build/glibc-OTsEL5/glibc-2.27/libio/libioP.h
870 6
+2 4
+1 4
fe=(114)
84 6
cfi=(109) /build/glibc-OTsEL5/glibc-2.27/libio/fileops.c
cfn=(438) _IO_file_stat
calls=2 1169 
* 28
* 4
+2 8
+11 8
+4 4
cob=(2)
cfi=(18)
cfn=(364)
calls=2 0 
* 614729
* 2
+2 2
-1 4
+2 8
cfi=(108) /build/glibc-OTsEL5/glibc-2.27/libio/genops.c
cfn=(442) _IO_setb
calls=2 347 
* 36
+1 2
+1 16

fl=(90)
fn=(330)
65 7
-26 2
+26 1
-26 5
+1 2
cfn=(332) __new_exitfn
calls=1 +44 
* 29
+2 2
+7 2
+3 1
-1 1
+2 1
+1 1
+1 4
+1 1
+11 6

fn=(332)
84 2
-6 2
+1 2
-1 1
+11 5
+2 3
-2 1
+10 2
-10 2
+45 1
+1 1
+4 4
-19 1
+1 2

fl=(65)
fn=(218)
33 5
-1 2
+2 2
+1 3
fi=(66) /build/glibc-OTsEL5/glibc-2.27/string/../sysdeps/x86_64/multiarch/memcmp.c
-6 1
fe=(65)

fl=(86)
fn=(316)
488 7
+14 6
758 2
+2 1
+1 1
+2 1
-3 1
+5 1
-5 1
+4 3
+4 2
+3 2
+2 1
+1 1
+2 1
-3 1
+5 1
-5 1
+4 3
+9 1
+2 8
-2 1
+3 8
500 1
+4 1
-4 1
+4 1
cfn=(318) handle_intel.constprop.1
calls=1 259 
* 469
+2 1
-2 1
+2 1
cfn=(318)
calls=1 259 
* 515
+5 1
-5 1
+5 1
cfn=(318)
calls=1 259 
* 542
+8 1
-8 1
+8 1
+11 1
-20 1
+25 3
+4 2
+8 6
+3 2
+9 6
+14 2
+4 1
+3 1
+1 1
-4 1
+3 1
-3 1
+3 1
+6 8
-39 3
+3 9
+6 6
-6 3
+6 2
+3 20
+5 2
+4 1
+1 1
-1 3
691 4
+1 5
+4 2
+59 2
592 2
+8 1
+2 1
-2 6
+2 4
-2 1
+4 1
+23 2
-25 2
+2 6
+2 6
+3 2
+1 8
+2 4
+3 2
+5 1
+2 2
+1 1
-1 1
+2 1
-2 1
+1 2
+27 2
+1 1
+1 2
+2 1
-1 1
+1 1
-24 3
+4 2
+3 1
+2 4
+1 1
+5 2

fn=(320) intel_check_word.isra.0
132 12
+6 6
-10 18
+10 6
-10 6
+10 6
-10 6
+10 12
-10 6
+10 6
+2 6
-2 6
+2 18
250 12
140 24
+2 15
+2 30
+8 30
+51 24
+22 12
fi=(87) /build/glibc-OTsEL5/glibc-2.27/string/../bits/stdlib-bsearch.h
28 12
-1 24
+4 24
+1 12
fe=(86)
+87 24
fi=(87)
-88 138
+1 69
fe=(86)
+87 138
+3 81
fi=(87)
-93 252
+8 15
-8 36
fe=(86)
134 3
255 36
-91 9
+3 9
-6 13
+3 4
+9 4
+5 14
+1 10
+17 5
-32 15
+3 15
+4 14
+2 28
+2 14
+2 8
+4 3
+2 6
+2 3
+2 3
-2 3
+2 6
-2 3
+3 9
-2 12
+2 6
-24 2
+7 2
+2 4

fn=(318)
259 21
+2 3
-2 9
+5 9
+8 3
+1 3
-3 3
+5 12
+6 6
+5 3
-5 9
+5 3
+2 3
+1 3
-1 3
+5 18
cfn=(320)
calls=3 132 
* 1035
+2 6
+3 21
cfn=(320)
calls=3 132 
* 314
+2 6
+19 33

fl=(57)
fn=(266)
33 4
+3 4
fi=(130) /build/glibc-OTsEL5/glibc-2.27/string/../sysdeps/x86_64/multiarch/stpcpy.c
-3 1
fe=(57)

fn=(196)
33 4
+3 4
fi=(131) /build/glibc-OTsEL5/glibc-2.27/string/../sysdeps/x86_64/multiarch/strncpy.c
-7 1
fe=(57)

fn=(202)
33 4
+3 4
fi=(132) /build/glibc-OTsEL5/glibc-2.27/string/../sysdeps/x86_64/multiarch/strcat.c
-7 1
fe=(57)

fn=(264)
33 4
+3 4
fi=(133) /build/glibc-OTsEL5/glibc-2.27/string/../sysdeps/x86_64/multiarch/stpncpy.c
-5 1
fe=(57)

fn=(238)
33 4
+3 4
fi=(134) /build/glibc-OTsEL5/glibc-2.27/string/../sysdeps/x86_64/multiarch/strcpy.c
-7 1
fe=(57)

fl=(72)
fn=(242)
40 1
-2 1
+2 2
-2 2
+11 1

fl=(63)
fn=(210)
25 20
+1 8
+4 8
+18 24
-21 4
+20 4

fl=(74)
fn=(248)
40 2
-2 1
+2 2
-2 2
+11 1

fl=(127) /build/glibc-OTsEL5/glibc-2.27/nptl/unregister-atfork.c
fn=(552) __unregister_atfork
28 8
+8 2
-8 6
+11 4
+82 12

fl=(93) /build/glibc-OTsEL5/glibc-2.27/setjmp/sigjmp.c
fn=(350) __sigjmp_save
29 1
-1 2
+1 2
+5 3

fl=(101) /build/glibc-OTsEL5/glibc-2.27/elf/dl-addr.c
fn=(372) _dl_addr
126 9
+2 1
-2 1
+5 1
-5 1
+5 2
cob=(1)
cfi=(2)
cfn=(52)
calls=1 784 
* 2
+2 2
cob=(1)
cfi=(102)
cfn=(380)
calls=1 -62 
* 1117
* 5
+2 3
30 1
+1 1
-1 1
+1 1
+3 2
+5 1
+6 1
-7 1
+2 3
+2 3
+3 1
+5 7
-6 2
+6 4043
+2 1010
+1 2020
-1 1
+1 2
+2 3664
+9 2052
+7 28
-2 28
+2 2353
-2 2297
+2 6003
-10 11625
+2 9300
+1 14806
+36 2
+1 1
+1 3
+3 2
+36 2
cob=(1)
cfi=(2)
cfn=(54)
calls=1 790 
* 2
+3 9
-27 1
+1 1
+20 2

fl=(70)
fn=(246)
30 5
fi=(135) /build/glibc-OTsEL5/glibc-2.27/string/../sysdeps/x86_64/multiarch/strpbrk.c
-1 1
fe=(70)

fn=(232)
30 5
fi=(136) /build/glibc-OTsEL5/glibc-2.27/string/../sysdeps/x86_64/multiarch/strcspn.c
-1 1
fe=(70)

fn=(262)
30 5
fi=(137) /build/glibc-OTsEL5/glibc-2.27/string/../sysdeps/x86_64/multiarch/strspn.c
-1 1
fe=(70)

fl=(122) /build/glibc-OTsEL5/glibc-2.27/io/../sysdeps/unix/sysv/linux/write.c
fn=(530) write
27 160
+1 20

fl=(58)
fn=(234)
32 5
fi=(71) /build/glibc-OTsEL5/glibc-2.27/string/../sysdeps/x86_64/multiarch/strncase.c
-1 1
fe=(58)

fn=(254)
32 5
fi=(75) /build/glibc-OTsEL5/glibc-2.27/string/../sysdeps/x86_64/multiarch/strcasecmp_l.c
-1 1
fe=(58)

fn=(270)
32 5
fi=(76) /build/glibc-OTsEL5/glibc-2.27/string/../sysdeps/x86_64/multiarch/strncase_l.c
-1 1
fe=(58)

fn=(198)
32 5
fi=(59) /build/glibc-OTsEL5/glibc-2.27/string/../sysdeps/x86_64/multiarch/strcasecmp.c
-1 1
fe=(58)

fl=(68)
fn=(224)
38 8
+3 8
+6 2

fl=(100) /build/glibc-OTsEL5/glibc-2.27/malloc/arena.c
fn=(370) ptmalloc_init.part.0
289 2
+5 1
-5 3
+13 2
+6 1
fi=(98)
1816 2
fe=(100)
308 12
fi=(98)
1816 13
+1 1
-1 3
+1 11
-1 390
+1 30
-1 90
+1 331
fe=(100)
313 1
fi=(98)
1825 1
fe=(100)
313 4
fi=(98)
1817 7
+11 1
-11 4
+9 1
fe=(100)
313 1
fi=(98)
1828 1
fe=(100)
313 1
cob=(1)
cfi=(102)
cfn=(380)
calls=1 71 
* 1027
* 5
+1 4
cob=(1)
cfi=(9)
cfn=(26)
calls=1 +59 
* 18
* 1
+1 4
cob=(1)
cfi=(9)
cfn=(26)
calls=1 +58 
* 19
* 1
+1 4
cob=(1)
cfi=(9)
cfn=(26)
calls=1 +57 
* 18
* 1
+1 4
cob=(1)
cfi=(9)
cfn=(26)
calls=1 +56 
* 18
* 1
+1 4
cob=(1)
cfi=(9)
cfn=(26)
calls=1 +55 
* 19
* 1
+1 4
cob=(1)
cfi=(9)
cfn=(26)
calls=1 +54 
* 18
* 1
+1 4
cob=(1)
cfi=(9)
cfn=(26)
calls=1 +53 
* 18
* 1
+2 4
cob=(1)
cfi=(9)
cfn=(26)
calls=1 +51 
* 18
* 1
+1 4
cob=(1)
cfi=(9)
cfn=(26)
calls=1 +50 
* 18
* 1
+1 4
cob=(1)
cfi=(9)
cfn=(26)
calls=1 +49 
* 18
* 1
+71 2
+1 2
+4 2
-1 1
+1 4
-97 5
cfi=(101)
cfn=(372)
calls=1 126 
* 60426
* 2
+1 4

fl=(95) /build/glibc-OTsEL5/glibc-2.27/string/../sysdeps/x86_64/multiarch/../strcmp.S
fn=(356) __strcmp_ssse3
144 4
+1 4
+2 4
+1 4
+21 4
+1 4
+48 4
+1 4
+1 4
+1 4
+1 4
+1 4
+1 4
+1 4
+1 4
+5 4
+1 4
+1 4
+1 4
+1 4
+1 4
946 2
+1 2
+1 2
+1 2
+1 2
+2 2
+1 2
+1 2
+1 2
+1 2
+1 2
+1 2
1321 2
+1 2
+1 2
+1 2
+1 2
+2 2
+1 2
+1 2
+1 2
+1 2
+1 2
+1 2
2202 4
+1 4
+1 4
+1 4
+6 4
+6 4
+1 4
+8 4
+1 4

fl=(108)
fn=(410) _IO_old_init
561 2
-2 2
+1 2
-1 2
+2 4
+16 2
-14 2
+1 2
+13 2
+5 2
-17 2
+1 2
+1 2
+1 2
+14 2
-13 2
+1 2
+1 2
+2 2
+1 2
+1 2
+1 2
+6 2
+1 4
+2 2

fn=(442)
347 12
+1 20
+3 4
+2 16
-3 4
+3 8
+3 18
-7 2
cob=(2)
cfi=(18)
cfn=(484)
calls=2 0 
* 420
* 10

fn=(478) _IO_unsave_markers
1019 4
+19 6
189 2

fn=(414) _IO_link_in
87 24
+1 12
+4 2
-2 6
+2 4
+1 22
+2 2
-1 2
-1 2
+2 2
-2 2
+2 26
+2 2
-2 2
+5 2
-2 2
-1 2
+3 28
+2 2
-1 2
+1 16
+1 4
+3 28
-14 8

fn=(430) _IO_sgetn
427 10001
fi=(116)
870 20002
fe=(108)
427 10001
+2 10001
fi=(116)
870 10001
+2 20002
+1 20002
fe=(108)
429 10001
+1 20002
-1 10001
cfi=(109)
cfn=(432) _IO_file_xsgetn
calls=10001 1295 
* 473534

fn=(490) _IO_default_finish
628 8
+2 2
-2 6
+2 4
+6 6
+3 6
54 4
651 14

fn=(408) _IO_no_init
590 18
+1 2
cfn=(410)
calls=2 -30 
* 54
+2 2
-1 2
+1 2
+2 2
+1 2
+1 2
+1 2
+1 2
+1 2
+1 2
+1 2
+1 2
+1 2
+1 2
+1 2
+2 2
+6 2
+1 12

fn=(474) _IO_un_link
53 24
+1 8
+4 8
+1 20
+2 2
-2 2
+1 2
+1 2
-2 2
+2 2
-2 2
+2 30
+2 2
-2 2
+2 4
+2 4
+9 2
+2 2
-2 2
+2 16
+2 2
-1 2
+1 16
+1 4
+3 28
-6 14
-18 8
+8 6

fn=(584) _IO_flush_all_lockp
749 11
+5 4
+1 11
+3 1
-8 1
+5 1
+3 1
-3 1
+3 1
fi=(116)
870 2
fe=(108)
762 1
fi=(116)
870 2
fe=(108)
-98 6
-14 3
+16 3
-16 6
+3 3
-1 3
+1 3
+3 22
+14 9
+1 3
+4 12
-29 4

fn=(434) _IO_doallocbuf
362 4
-1 6
+3 8
+4 8
-3 2
fi=(116)
870 6
+2 4
+1 4
fe=(108)
365 4
cfi=(114)
cfn=(436)
calls=2 78 
* 614895
* 4

fn=(582) _IO_cleanup
918 2
+3 1
-3 8
+3 1
cfn=(584)
calls=1 749 
* 114
-72 1
+72 1
-72 2
+1 11
+3 1
-3 1
+3 1
-3 1
+3 1
fi=(116)
+17 2
fe=(108)
-7 1
fi=(116)
+7 2
fe=(108)
+23 3
-40 9
+2 9
+2 6
+30 1
+10 9
+1 2
+35 12
-84 4

fn=(446) __underflow
288 64
-1 4
+6 3
-6 80
+6 102
+3 42
+2 42
+6 42
+7 21
fi=(116)
870 63
+2 42
+1 42
fe=(108)
311 21
+1 21
-1 21
+1 42
-1 21
cfi=(109)
cfn=(448) _IO_file_underflow@@GLIBC_2.2.5
calls=21 478 
* 1872
-23 40
+21 63

fn=(450) _IO_switch_to_get_mode
164 84
+1 63
+3 63
+5 21
-1 42
+1 21
+7 21
-4 21
+2 42
+2 21
+1 21
+1 84

fn=(518) _IO_default_xsputn
392 40
-3 100
fi=(116)
870 20
fe=(108)
389 20
fi=(116)
870 20
fe=(108)
389 100
fi=(116)
870 40
fe=(108)
407 40
+8 20
+2 40
-20 80
+2 60
+3 40
+20 20
-29 20
+29 140
-15 20
+5 60
-1 40
+1 420
-1 280
+2 80

fl=(120) /build/glibc-OTsEL5/glibc-2.27/io/../sysdeps/unix/sysv/linux/close.c
fn=(482) __close_nocancel
37 8
+1 2

fl=(119) /build/glibc-OTsEL5/glibc-2.27/libio/iofclose.c
fn=(472) fclose@@GLIBC_2.2.5
34 6
+14 2
-14 2
+14 4
fi=(116)
796 4
+1 6
fe=(119)
57 2
fi=(116)
870 6
+2 4
+1 4
fe=(119)
57 6
cfi=(109)
cfn=(488) _IO_file_finish@@GLIBC_2.2.5
calls=2 169 
* 74
+1 6
+13 4
+3 12
+3 4
cob=(2)
cfi=(18)
cfn=(484)
calls=2 -77 
* 142
+4 10
-32 2
cfi=(108)
cfn=(474)
calls=2 +4 
* 188
+2 38
+1 4
+1 4
cfi=(109)
cfn=(476) _IO_file_close_it@@GLIBC_2.2.5
calls=2 +76 
* 759
* 8
fi=(116)
797 12
fe=(119)

fl=(112) /build/glibc-OTsEL5/glibc-2.27/libio/feof.c
fn=(424) feof
35 10002
-3 20004
+3 10002
+3 30006
+3 20004

fl=(99) /build/glibc-OTsEL5/glibc-2.27/malloc/hooks.c
fn=(368) malloc_hook_ini
29 5
fi=(100)
291 1
fe=(99)
30 1
fi=(100)
291 1
fe=(99)
30 1
fi=(100)
291 1
fi=(98)
3039 7
+3 1
-2 2
+2 3
+13 4
+2 3
cfn=(398) _int_malloc
calls=1 3521 
* 161
+1 1
-1 1
+1 6
-19 4
-56 5
cfn=(396) tcache_init.part.4
calls=1 +3 
* 496
+62 3
+2 5
+1 3
fe=(99)
33 6
cfi=(100)
cfn=(370)
calls=1 289 
* 62626
* 1
fi=(98)
3034 2
fe=(99)

fl=(106) /build/glibc-OTsEL5/glibc-2.27/misc/sbrk.c
fn=(404) sbrk
32 10
+8 10
-8 30
+8 57
+1 2
cfi=(107) /build/glibc-OTsEL5/glibc-2.27/misc/../sysdeps/unix/sysv/linux/x86_64/brk.c
cfn=(406) brk
calls=1 -10 
* 12
* 3
+3 20
+4 39
+12 15
-4 14
cfi=(107)
cfn=(406)
calls=7 -25 
* 84
* 14
+4 35
-10 2
-2 3

fl=(115) /build/glibc-OTsEL5/glibc-2.27/io/../sysdeps/unix/sysv/linux/wordsize-64/fxstat.c
fn=(440) _fxstat
34 2
-1 2
+1 2
+1 12
+4 2

fl=(80)
fn=(302)
52 8
+3 3
+14 1
fi=(81) /build/glibc-OTsEL5/glibc-2.27/csu/../sysdeps/generic/dl-hash.h
-25 1
fe=(80)
+23 1
+1 1
fi=(81)
-23 1
fe=(80)
+24 1
fi=(82) /build/glibc-OTsEL5/glibc-2.27/csu/../sysdeps/unix/sysv/linux/x86_64/init-first.c
-33 4
fi=(81)
+7 1
+5 3
+14 4
-17 3
+3 9
+14 12
-17 9
+22 1
fi=(82)
-31 2
+2 2
-2 1
+2 2
cfi=(63)
cfn=(210)
calls=1 -13 
* 17
+2 1
+4 1
-4 1
+4 1
-4 1
+1 2
+1 1
+2 1
cfi=(63)
cfn=(210)
calls=1 -19 
* 17
fe=(80)
+37 3
fi=(82)
-36 2
+1 1
fe=(80)
+35 1
cfi=(83)
cfn=(308)
calls=1 -50 
* 52
+3 1
cfi=(85)
cfn=(314)
calls=1 -53 
* 16
+5 6
-27 1
-7 1
+7 4

fl=(107)
fn=(406)
31 64
+8 8
-6 16
+7 8

fl=(91)
fn=(346)
30 1
+2 1
cfi=(92) /build/glibc-OTsEL5/glibc-2.27/setjmp/../sysdeps/x86_64/setjmp.S
cfn=(348) __sigsetjmp
calls=1 -6 
* 27

fl=(60)
fn=(212)
32 1
-2 1
+2 2
-2 3
fi=(138) /build/glibc-OTsEL5/glibc-2.27/string/../sysdeps/x86_64/multiarch/rawmemchr.c
+1 1
fe=(60)

fn=(204)
32 1
-2 1
+2 2
-2 3
fi=(139) /build/glibc-OTsEL5/glibc-2.27/string/../sysdeps/x86_64/multiarch/strrchr.c
-2 1
fe=(60)

fn=(230)
32 2
-2 2
+2 4
-2 6
fi=(140) /build/glibc-OTsEL5/glibc-2.27/string/../sysdeps/x86_64/multiarch/strnlen.c
+1 2
fe=(60)

fn=(250)
32 1
-2 1
+2 2
-2 3
fi=(141) /build/glibc-OTsEL5/glibc-2.27/string/../sysdeps/x86_64/multiarch/strlen.c
-1 1
fe=(60)

fn=(252)
32 1
-2 1
+2 2
-2 3
fi=(142) /build/glibc-OTsEL5/glibc-2.27/string/../sysdeps/x86_64/multiarch/memrchr.c
-1 1
fe=(60)

fn=(258)
32 1
-2 1
+2 2
-2 3
fi=(143) /build/glibc-OTsEL5/glibc-2.27/string/../sysdeps/x86_64/multiarch/memchr.c
-1 1
fe=(60)

fn=(268)
32 1
-2 1
+2 2
-2 3
fi=(144) /build/glibc-OTsEL5/glibc-2.27/string/../sysdeps/x86_64/multiarch/strchrnul.c
+1 1
fe=(60)

fl=(77)
fn=(274)
42 2
fi=(62)
+2 1
+1 1
fe=(77)
-3 3
fi=(62)
+1 1
+5 3
+14 4
-17 3
+3 9
+14 12
-17 9
+22 1
fe=(77)
-25 6
cfi=(63)
cfn=(210)
calls=1 -17 
* 17
* 5

fl=(92)
fn=(348)
26 1
+9 1
+1 2
+1 1
+4 1
+1 1
+1 1
+1 1
+1 1
+2 2
+2 1
+1 1
+1 1
+2 2
+2 1
+8 1
cfi=(93)
cfn=(350)
calls=1 -34 
* 8

fl=(128) /build/glibc-OTsEL5/glibc-2.27/posix/../sysdeps/unix/sysv/linux/_exit.c
fn=(590) _Exit
27 2
+4 1
+2 2

fl=(111) /build/glibc-OTsEL5/glibc-2.27/string/../string/strstr.c
fn=(420) __GI_strstr
53 14
+10 8
+26 18
-23 10

fl=(64)
fn=(214)
32 2
-2 2
+2 4
-2 6
fi=(145) /build/glibc-OTsEL5/glibc-2.27/wcsmbs/../sysdeps/x86_64/multiarch/wmemchr.c
+1 2
fe=(64)

fn=(228)
32 2
-2 2
+2 4
-2 6
fi=(146) /build/glibc-OTsEL5/glibc-2.27/wcsmbs/../sysdeps/x86_64/multiarch/wcschr.c
+1 2
fe=(64)

fn=(260)
32 1
-2 1
+2 2
-2 3
fi=(147) /build/glibc-OTsEL5/glibc-2.27/wcsmbs/../sysdeps/x86_64/multiarch/wcslen.c
-1 1
fe=(64)

fl=(110) /build/glibc-OTsEL5/glibc-2.27/io/../sysdeps/unix/sysv/linux/open64.c
fn=(418) open
36 2
+3 2
-3 6
+3 2
-3 2
+3 6
+8 18
+2 10
-7 2
+1 1
-1 3
+5 4

fl=(124) /build/glibc-OTsEL5/glibc-2.27/stdlib/cxa_thread_atexit_impl.c
fn=(538) __call_tls_dtors
145 3
+1 4
+18 4

fl=(98)
fn=(396)
2986 1
-9 1
+9 9
+1 3
cfn=(398)
calls=1 3521 
* 389
+1 1
-1 1
+1 1
+8 4
+7 2
+2 1
+1 2
-1 1
+1 78
+3 2

fn=(400) sysmalloc
2274 48
+20 6
+11 6
-11 6
+11 6
+1 24
fi=(100)
535 6
fe=(98)
2321 12
fi=(100)
535 6
fe=(98)
2321 12
+66 6
+1 18
+10 6
-9 6
+9 43
+6 24
+3 18
2724 12
+1 6
+5 12
+3 12
+5 6
-3 6
+3 6
-2 6
+2 18
+1 6
-1 6
-1 6
+4 6
-3 12
+1 6
+2 6
+6 54
2460 18
+19 12
-11 6
+11 6
-11 6
+21 24
cfi=(105) /build/glibc-OTsEL5/glibc-2.27/malloc/morecore.c
cfn=(402) __default_morecore
calls=6 46 
* 296
* 6
+1 6
+3 18
+3 24
+1 12
+46 12
+2 12
+6 6
-6 6
+6 16
+1 25
-83 6
+10 12
+8 6
-8 6
+8 6
+67 4
+34 2
+6 3
+22 2
+1 5
+2 1
-2 1
+2 1
+1 4
cfi=(105)
cfn=(402)
calls=1 46 
* 25
+12 3
+48 1
+1 1
-2 1
+1 2
+12 1
-12 1
+1 1
+11 1
2544 2
-3 3
+99 2
+1 4

fn=(532) systrim.isra.1.constprop.11
2760 5
+11 3
+2 1
+1 2
-4 1
+8 3
+2 3
+7 3
cfi=(105)
cfn=(402)
calls=1 46 
* 25
* 1
+1 4
+12 3
cfi=(105)
cfn=(402)
calls=1 46 
* 49
+2 2
+1 2
+2 2
cfi=(105)
cfn=(402)
calls=1 46 
* 25
+2 1
+2 2
+4 2
+4 2
-1 1
+1 2
+7 1
-5 1
+5 5

fn=(366)
3028 74289
+5 49526
+1 49526
+5 173334
+3 24762
-2 74286
+2 74286
+3 49524
+10 93300
+2 69975
cfn=(398)
calls=23325 3521 
* 4542745
+1 23325
-1 23325
+1 139950
-19 99048
+8 24760
+1 74280
2941 2874
+2 2874
+1 1437
3081 123810
-46 1
+46 3
-46 1
cfi=(99)
cfn=(368)
calls=1 29 
* 63350

fn=(398)
3521 139962
+32 23327
-32 23327
+32 209943
+4 139962
+24 46654
+2 69969
+3 23323
+2 46646
+2 202
-6 404
+6 606
+1 202
+5 606
+1 404
+7 808
-1 404
+1 404
+5 606
+1 808
+2 5656
+1 1414
2929 2828
+1 1414
-2 2828
+2 2828
-2 1414
+4 4242
3609 4242
+1 3636
1887 202
3682 202
1887 404
4131 209943
3639 10
+62 68
+1 6
+20 23125
-1 46250
+1 23125
-1 23125
+1 46250
-2 115620
+6 69372
+66 23124
-40 46248
3879 23124
3731 23124
+1 23124
+20 46248
+40 46248
-60 46248
-12 1
+6 3
+66 1
-40 2
3879 1
3731 1
+1 1
+20 2
+40 2
-60 16
+3 399
+1 266
+3 133
+10 133
-15 133
+15 389
+34 7
-5 7
+1 7
+4 7
+29 14
+8 18
+1 6
+1 2
-1 2
+4 2
-3 2
+3 2
-4 6
+1 2
-1 2
+4 2
-3 2
+3 2
+43 14
+9 7
-9 28
+10 7
-9 7
+1 7
+1 7
+1 7
+6 7
+9 14
3642 69369
+2 23123
-2 23123
+2 46246
3814 6
+1 12
+1 6
3703 2
cfn=(514) malloc_consolidate
calls=1 4403 
* 613891
* 462461
-62 300599
3887 21
+17 45998
+2 8
+3 2
-3 2
+3 4
+68 45998
+1 45998
+1 45998
+1 45998
+1 45998
+5 46008
+14 72
+2 31
+2 62
3820 12
-69 128
-1 256
+1 254
+4 126
+1 126
-1 126
+2 252
+3 126
-2 126
+1 252
+1 126
+2 95
+1 95
+3 570
+6 95
-6 285
+2 285
1887 95
3769 95
1887 190
3766 186
+6 31
-6 93
+2 93
1887 31
3769 31
1887 62
3720 2
3865 16
-45 6
+73 45998
-73 7
3990 68994
+3 91984
-3 68988
+3 91984
-3 45992
+3 68982
+97 22996
+3 22996
-2 45992
+2 45998
+17 18
4008 5
+3 10
+2 2
+1 2
+1 2
-2 8
-27 2
+9 8
+1 4
+24 9
+3 6
+5 3
-3 6
+3 42
+3 6
+3 1
-1 1
+1 2
1887 22993
4103 22993
1887 45986
3993 4
4125 18
cfn=(400)
calls=6 2274 
* 1057
+1 6
-1 6
+1 6
1887 18
4046 2
-5 2
+6 4
+8 2
-6 2
+1 2
+1 2
+1 2
+3 2
+1 1
+1 4
+2 2
+1 2
+2 18
+2 6
+1 4
+30 22990
+3 45980
-3 22990
+1 22990
+2 68970
+2 22990
-2 45980
-1 22990
+1 45980
+2 45980
-72 22

fn=(514)
4403 1
+19 1
-19 1
+30 1
-30 2
+29 1
-29 1
+32 1
-15 1
+15 2
+1 2
-1 18
+1 18
+3 39336
+1 52448
+8 13112
-3 13112
+3 13112
+1 13112
+1 39336
+2 26224
+1 375
+2 375
-1 375
+2 6841
+3 26224
+1 10196
+2 20392
+1 9816
+1 117792
+4 10196
+4 10196
-3 10196
+1 10196
+2 10196
+1 9065
+1 9065
+3 9065
+1 9065
+1 9065
-2 18130
+3 9065
+9 27195
-12 1131
+1 1131
+1 1131
-2 2262
+3 1131
+9 12142
+3 40
+1 6
-27 1140
+18 2916
+1 5832
+1 5832
-22 26274

fn=(468)
3086 272382
+5 49524
+1 49524
+6 49524
+5 24762
-2 24762
+2 49524
+18 74286
+2 74286
4149 49524
+6 99048
+1 49524
+4 99048
+9 74286
-2 49524
+3 49524
+1 99040
+13 49460
+11 98912
+2 74184
1894 74184
4218 24728
+7 24728
-6 49456
+6 49456
-2 24728
+2 49456
+4 49456
+2 24728
+1 49456
3125 272382
4259 4
+3 2
+1 2
-1 6
+10 2
-4 2
+4 4
+3 4
+5 6
+3 4
+1 4
+1 4
1894 6
4291 4
+7 4
+5 6
+1 17
+1 1
+11 1
-1 1
+2 2
-1 1
-1 1
+2 2
+4 2
-2 2
+1 2
+1 2
+2 2
+1 2
+2 2
+1 2
+2 6
+1 2
+30 4
+20 4
2929 96
+3 32
-2 64
+1 32
+1 64
4277 6
-2 4
+32 3
+54 3
+3 3
+2 5
+2 2
cfn=(532)
calls=1 2760 
* 151
* 1

fl=(56)
fn=(194)
44 10
+4 4
-1 4
+12 4
+2 10

fn=(240)
44 5
+4 2
-1 2
+12 2
+2 5

fn=(216)
44 5
+4 2
-1 2
+12 2
+2 5

fl=(118) /build/glibc-OTsEL5/glibc-2.27/string/../sysdeps/x86_64/multiarch/memmove-vec-unaligned-erms.S
fn=(458) __memcpy_avx_unaligned_erms
217 10000
+2 10000
+1 10000
+44 10000
+1 10000
+2 10000
+1 10000
+31 10000
+1 10000
+1 10000
+1 10000
+1 10000

fn=(524) __mempcpy_avx_unaligned_erms
204 9980
+1 9980
+1 9980
+13 9980
+1 9980
+44 9980
+1 9980
+2 9980
+1 9980
+31 9980
+1 9980
+1 9980
+1 9980
+1 9980

fl=(73)
fn=(244)
32 4
-2 2
+2 4
-2 4
+5 2
-1 8
fi=(148) /build/glibc-OTsEL5/glibc-2.27/wcsmbs/../sysdeps/x86_64/multiarch/wmemset.c
-3 2
fe=(73)

fl=(123)
fn=(536) __run_exit_handlers
40 9
+5 1
-5 1
+5 2
+11 14
+3 2
+2 5
+16 2
+35 6
+2 2
-44 6
+2 1
+1 1
-1 1
+4 4
+1 6
+29 1
-3 1
+5 1
-2 2
+2 2
cob=(1)
cfi=(125)
cfn=(540)
calls=1 -78 
* 722
+1 1
+11 1
+1 1
-1 1
+1 1
+5 4
-73 1
+12 1
+1 4
+63 2
+1 11
cfi=(108)
cfn=(582)
calls=1 918 
* 206
* 3
+2 2
cfi=(128)
cfn=(590)
calls=1 27 
* 5
-86 1
cfi=(124)
cfn=(538)
calls=1 +99 
* 11
* 1

fn=(534)
139 1
-1 1
+1 3
cfn=(536)
calls=1 -99 
* 1049

fl=(97) /build/glibc-OTsEL5/glibc-2.27/libio/iofopen.c
fn=(362) fopen@@GLIBC_2.2.5
88 10
-23 2
+23 4
-23 2
cob=(2)
cfi=(18)
cfn=(364)
calls=2 -65 
* 63405
+2 6
+3 2
+2 8
-2 2
+2 6
cfi=(108)
cfn=(408)
calls=2 590 
* 120
+1 2
+1 2
-1 2
+1 2
cfi=(109)
cfn=(412) _IO_new_file_init_internal
calls=2 +33 
* 198
+4 10
cfi=(109)
cfn=(416) _IO_file_fopen@@GLIBC_2.2.5
calls=2 214 
* 297
* 4
-41 4
+53 14

fl=(105)
fn=(402)
46 10
+1 10
cfi=(106)
cfn=(404)
calls=10 -15 
* 350
+2 30
+3 20

fl=(126)
fn=(550)
30 4
+3 2
-3 10
+3 2
-3 2
+3 10
+3 6
+4 14
-4 6
+58 10
+4 12
-4 6
+12 4
+1 4
cfi=(127)
cfn=(552)
calls=2 -79 
* 32
+2 8
+1 16

fl=(109)
fn=(412)
107 4
+4 2
-4 4
+5 2
-1 2
+3 2
cfi=(108)
cfn=(414)
calls=2 -27 
* 172
+1 2
+1 8

fn=(480) _IO_file_close
1190 4
cfi=(120)
cfn=(482)
calls=2 37 
* 10

fn=(416)
214 20
+9 4
+2 10
364 20
234 1
-2 1
+1 1
+15 20
+33 2
-96 2
+1 4
-1 2
+4 2
cfi=(110)
cfn=(418)
calls=2 36 
* 58
* 2
+1 4
+3 2
-1 2
+1 4
+3 4
-3 2
+3 2
+10 4
cfi=(108)
cfn=(414)
calls=2 87 
* 32
+81 6
cfi=(111)
cfn=(420)
calls=2 53 
* 50
+1 2
-1 2
+1 2
-40 22
-19 1
-1 1
-13 2
+73 4

fn=(512) _IO_file_overflow@@GLIBC_2.2.5
747 60
+7 20
-8 120
+8 77
+35 40
-32 2
+12 2
+9 4
+8 1
-4 1
+3 2
-2 2
-3 1
+1 2
+5 1
-1 1
+1 3
+4 20
+1 20
+11 60
-12 20
cfn=(516) _IO_do_write@@GLIBC_2.2.5
calls=20 433 
* 2056
-31 2
cfi=(108)
cfn=(434)
calls=1 362 
* 614635
+1 6

fn=(488)
169 8
+1 4
+7 2
-1 4
+1 4
-1 2
cfi=(108)
cfn=(490)
calls=2 628 
* 50

fn=(510) _IO_file_xsputn@@GLIBC_2.2.5
1220 40000
+7 10000
-7 30000
+6 50000
+7 50000
+17 30000
+1 9980
+3 39920
+4 9980
+2 29940
-1 9980
+1 9980
-2 9980
cfi=(118)
cfn=(524)
calls=9980 204 
* 139720
* 9980
* 9980
+4 19960
+18 19960
+10 90000
-40 20
+16 20
fi=(116)
870 60
+2 40
+1 40
fe=(109)
1266 60
cfn=(512)
calls=20 747 
* 617158
* 40
+6 40
+1 140
+2 40
+11 60
+1 80
cfi=(108)
cfn=(518)
calls=20 392 
* 1700
* 60

fn=(516)
433 63
+1 1
-3 320
+11 40
+7 80
fi=(116)
873 40
fe=(109)
457 80
cfn=(528) _IO_file_write@@GLIBC_2.2.5
calls=20 1196 
* 900
* 20
+1 100
+6 20
-4 20
+4 20
-4 60
+1 40
+3 40
-2 20
-29 80
+1 160
+29 60

fn=(476)
129 6
+2 6
+4 2
+3 4
-3 2
-1 4
+6 2
+3 2
-3 2
cfi=(108)
cfn=(478)
calls=2 1019 
* 12
+3 6
fi=(116)
870 6
+2 4
+1 4
fe=(109)
143 4
cfn=(480)
calls=2 1190 
* 14
* 2
+3 6
+8 10
cfi=(108)
cfn=(442)
calls=2 347 
* 478
+1 4
+3 2
-3 2
+1 6
+2 2
cfi=(108)
cfn=(474)
calls=2 53 
* 30
+5 2
-4 2
+1 2
+1 2
+2 2
+1 10
-28 7
cfn=(516)
calls=1 433 
* 108
* 2

fn=(438)
1169 2
+1 6
cfi=(115)
cfn=(440)
calls=2 34 
* 20

fn=(448)
478 63
+6 63
-14 105
+17 126
+13 42
+20 42
cfi=(108)
cfn=(450)
calls=21 164 
* 504
+11 21
-5 21
fi=(116)
872 21
fe=(109)
526 42
fi=(116)
872 21
fe=(109)
527 21
+2 21
fi=(116)
873 21
fe=(109)
528 42
fi=(116)
873 21
fe=(109)
531 84
cfn=(452) _IO_file_read
calls=21 1153 
* 294
+2 42
+16 20
-9 20
+9 40
+2 20
+1 40
-1 20
+1 81
-16 4
+10 1
-10 1
+10 2
+6 6

fn=(452)
1153 42
+3 63
cfi=(117)
cfn=(454)
calls=21 27 
* 189

fn=(432)
1295 100010
+7 20002
+11 20002
+2 20002
+1 10001
-1 10001
+1 20002
fi=(116)
870 84
fe=(109)
1332 42
+9 63
+1 84
-29 40
+2 60
+1 40
+8 42
+59 90009
-39 42
cfi=(108)
cfn=(446)
calls=21 288 
* 2648
* 44
-39 3
+5 2
cfi=(108)
cfn=(434)
calls=1 362 
* 310
* 1
+8 30000
cfi=(118)
cfn=(458)
calls=10000 217 
* 120000
* 10000
+1 20000

fn=(528)
1196 120
+2 120
+5 20
cfi=(122)
cfn=(530)
calls=20 27 
* 180
+1 40
+5 20
+1 20
-12 40
+5 100
+10 60
+3 180

fl=(113) /build/glibc-OTsEL5/glibc-2.27/libio/iofread.c
fn=(428) fread
31 40004
+1 20002
-1 10001
+4 20002
+2 80008
+1 30003
cfi=(108)
cfn=(430)
calls=10001 427 
* 613548
fi=(116)
796 10001
fe=(113)
38 10001
fi=(116)
796 10001
+1 80008
fe=(113)
40 20006
+1 7
-4 130013
+4 10000
-1 10000
+1 60000

fl=(121) /build/glibc-OTsEL5/glibc-2.27/libio/iofwrite.c
fn=(508) fwrite
31 50000
+1 10000
-1 10000
+1 10000
-1 10000
+4 20000
+2 180000
+1 50001
+1 1
fi=(116)
870 3
+2 2
+1 2
fe=(121)
39 9999
fi=(116)
870 29997
+2 19998
+1 19998
fe=(121)
39 40000
cfi=(109)
cfn=(510)
calls=10000 1220 
* 1238918
* 30000
fi=(116)
796 20000
+1 40000
fe=(121)
38 19998
fi=(116)
797 50000
fe=(121)
45 20000
+1 10000
+3 90000

ob=(5)
fl=(94)
fn=(352)
10 8
+1 2
+4 6
cob=(3)
cfi=(95)
cfn=(356)
calls=1 144 
* 42
* 1
* 8
cob=(3)
cfi=(95)
cfn=(356)
calls=1 144 
* 42
* 1
* 2
+4 6
cob=(3)
cfi=(95)
cfn=(356)
calls=1 144 
* 42
* 1
* 2
+15 6
cob=(3)
cfi=(95)
cfn=(356)
calls=1 144 
* 42
* 1
* 2
+2 1
+2 5
cfi=(96) /home/ved/Desktop/PA1/shell_list.c
cfn=(358) List_Load_From_File
calls=1 -15 
* 3888525
* 1
+1 5
cfi=(96)
cfn=(492) List_Shellsort
calls=1 +48 
* 1302354193
* 1
+1 7
cfi=(96)
cfn=(504) List_Save_To_File
calls=1 +28 
* 2120140
+3 1
+1 30000
+1 30000
cob=(3)
cfi=(98)
cfn=(468)
calls=10000 3086 
* 870000
* 10000
+1 20000
-3 20003
+11 1
+1 5

fl=(96)
fn=(500) freeList
239 36
+1 18
+4 27
+1 27
+1 3
cob=(3)
cfi=(98)
cfn=(468)
calls=1 3086 
* 70
* 1
+11 1
-8 8
+1 8
+1 29496
+1 44244
+1 44244
cob=(3)
cfi=(98)
cfn=(468)
calls=14748 3086 
* 1282600
* 14748
-3 44268
+5 24
cob=(3)
cfi=(98)
cfn=(468)
calls=8 3086 
* 696
* 8
+2 16
+1 18

fn=(502) testList
229 3
+1 1
+1 1
+1 10000
+2 30000
-3 20002
+6 3

fn=(462) addNode
51 40004
+1 20002
cob=(3)
cfi=(98)
cfn=(366)
calls=10001 3028 
* 2190533
* 10001
* 10001
+1 30003
+1 20002
+1 10001
+1 20002

fn=(494) createSublists
130 54
+1 18
+2 18
cob=(3)
cfi=(98)
cfn=(366)
calls=9 3028 
* 680
* 9
* 9
+2 18
+1 27
cfn=(496) removeNode
calls=9 +81 
* 180
* 27
+2 27
+1 18
+2 9
+1 18
+2 29514
+2 29496
cob=(3)
cfi=(98)
cfn=(366)
calls=14748 3028 
* 2985207
* 14748
* 44244
+2 44244
+1 29496
+1 29496
+2 44244
cfn=(496)
calls=14748 +65 
* 294960
* 14748
+2 44244
+1 29496
+4 29496
+1 44244
-18 59064
+23 27
+1 27
cfn=(496)
calls=9 +51 
* 180
* 9
+1 27
+4 150504
+2 451458
cfn=(498) addAndSort
calls=75243 +15 
* 1293769492
+2 225729
+1 225729
cfn=(496)
calls=75243 +41 
* 1504797
* 75243
+1 225729
+1 150486
+2 150468
-9 75234
+1 9
+11 27
cfn=(500)
calls=9 +56 
* 1460561
+1 9
+1 18

fn=(496)
217 270027
+1 270027
+2 360036
+1 450000
+1 180000
+3 90000
+1 180000
-1 9
+1 18

fn=(504)
68 5
+1 4
cob=(3)
cfi=(97)
cfn=(362)
calls=1 +19 
* 392
* 1
* 1
+1 2
+4 2
+1 1
+1 1
+2 70000
cob=(3)
cfi=(121)
cfn=(508)
calls=10000 -47 
* 1978917
* 10000
+1 30000
+1 10000
-4 20002
+6 3
cob=(3)
cfi=(119)
cfn=(472)
calls=1 -48 
* 805
* 1
+1 1
+1 2

fn=(498)
188 376215
+2 300972
+7 75243
+1 225729
+1 376215
+1 526701
+2 17488
+1 13116
+1 4372
+4 203779392
+1 339632320
-2 747795146
+5 283484
+1 212613
+3 150486

fn=(358)
23 7
+1 4
cob=(3)
cfi=(97)
cfn=(362)
calls=1 +64 
* 63710
* 1
* 1
+1 2
+6 1
+2 1
+2 70007
cob=(3)
cfi=(113)
cfn=(428)
calls=10001 -4 
* 1153605
* 10001
+1 30003
cfn=(462)
calls=10001 +15 
* 2350549
* 10001
+1 30003
+1 20002
-5 30003
cob=(3)
cfi=(112)
cfn=(424)
calls=10001 +2 
* 90009
* 10001
* 3
cob=(3)
cfi=(112)
cfn=(424)
calls=1 +2 
* 9
* 1
* 20004
+7 2
+1 3
+1 3
cob=(3)
cfi=(98)
cfn=(468)
calls=1 3086 
* 70
* 1
+3 3
cob=(3)
cfi=(119)
cfn=(472)
calls=1 -11 
* 508
* 1
+1 1
+1 5

fn=(492)
87 5
+1 2
+4 1
+1 1
+1 1
+2 2
+2 1
+2 10000
+1 30000
-3 20002
+8 60
+1 30
+3 18
-4 9
+2 1
+6 2
cob=(3)
cfi=(98)
cfn=(366)
calls=1 3028 
* 41
* 1
* 1
+1 3
+1 3
+2 1
+2 54
cfn=(494)
calls=9 +10 
* 1302233816
* 9
+2 90
-4 20
+6 3
+1 3
cfn=(502)
calls=1 229 
* 60010
+1 1
+1 2

fl=(88)
fn=(340) 0x0000000000000970
0 17

fn=(326)
0 11
cob=(3)
cfi=(89)
cfn=(328)
calls=1 137 
0 1309344362

fn=(556) 0x00000000000008a0
0 8

fn=(334)
0 15
cob=(2)
cfi=(18)
cfn=(336)
calls=1 0 
0 6
0 8
cfn=(340)
calls=1 0 
0 17
0 11

fn=(542)
0 8
cob=(2)
cfi=(18)
cfn=(548)
calls=1 0 
0 75
0 1
cfn=(556)
calls=1 0 
0 8
0 3

ob=(4)
fl=(79)
fn=(296)
0 17

fn=(564)
0 8
cob=(2)
cfi=(18)
cfn=(570)
calls=1 0 
0 75
0 1
cfn=(574) 0x0000000000000570
calls=1 0 
0 8
0 3

fn=(574)
0 8

totals: 1309484862
